% f evaluations | g evaluations | best noise-free fitness - Fopt (-4.620900000000e+02) + sum g_i+ | measured fitness | best measured fitness or single-digit g-values | x1 | x2...
1 0 +4.617191954e+02 -3.708046412e-01 -3.708046412e-01 +2.7396e+00 -6.1122e-01 +3.5860e+00 +1.9737e+00 -4.0582e+00
2 0 +3.229227611e+02 -1.391672389e+02 -1.391672389e+02 +4.7562e+00 +2.6114e+00 +2.8606e+00 -3.7189e+00 -4.9614e-01
3 0 +1.843105818e+02 -2.777794182e+02 -2.777794182e+02 -1.2920e+00 +4.2676e+00 +1.4387e+00 +3.2276e+00 -5.6586e-01
9 0 +1.207937828e+02 -3.412962172e+02 -3.412962172e+02 -6.2848e-01 +3.3268e+00 +2.0027e+00 -1.8763e+00 +3.3226e+00
13 0 +8.615851692e+01 -3.759314831e+02 -3.759314831e+02 +1.6840e+00 -2.8904e-01 +6.5236e-01 +2.6500e+00 +1.3472e+00
16 0 +8.150553577e+01 -3.805844642e+02 -3.805844642e+02 -2.1862e+00 -2.0641e+00 +1.6192e+00 +5.7032e-01 +2.8390e+00
140 0 +8.150553577e+01 -3.805844642e+02 -3.805844642e+02 -2.1862e+00 -2.0641e+00 +1.6192e+00 +5.7032e-01 +2.8390e+00
% f evaluations | g evaluations | best noise-free fitness - Fopt (7.766000000000e+01) + sum g_i+ | measured fitness | best measured fitness or single-digit g-values | x1 | x2...
1 0 +2.585583012e+02 +3.362183012e+02 +3.362183012e+02 +2.7396e+00 -6.1122e-01 +3.5860e+00 +1.9737e+00 -4.0582e+00
3 0 +1.947552253e+02 +2.724152253e+02 +2.724152253e+02 -1.2920e+00 +4.2676e+00 +1.4387e+00 +3.2276e+00 -5.6586e-01
10 0 +9.115821869e+01 +1.688182187e+02 +1.688182187e+02 +3.0476e+00 -1.1252e+00 -2.1167e+00 +1.8250e+00 -3.6025e+00
23 0 +8.803445036e+01 +1.656944504e+02 +1.656944504e+02 -4.4224e-01 -2.9764e+00 -1.9404e+00 +7.9220e-01 -3.2323e+00
38 0 +7.723649642e+01 +1.548964964e+02 +1.548964964e+02 +1.6166e+00 -1.2634e+00 -4.0553e+00 +2.4679e+00 -2.3754e+00
100 0 +6.295845449e+01 +1.406184545e+02 +1.406184545e+02 +3.0038e+00 -2.0921e+00 -5.1175e-01 +1.8250e+00 -1.7461e+00
275 0 +5.540809629e+01 +1.330680963e+02 +1.330680963e+02 +1.5591e+00 +6.2826e-01 -1.9712e+00 +3.8645e+00 -9.6514e-01
368 0 +4.748020059e+01 +1.251402006e+02 +1.251402006e+02 +2.3393e+00 -2.9764e+00 -1.9404e+00 +3.1835e+00 -3.2323e+00
543 0 +3.238775203e+01 +1.100477520e+02 +1.100477520e+02 +3.4883e+00 -3.1272e+00 -1.3083e+00 +2.4945e+00 -3.0937e+00
922 0 +2.865220265e+01 +1.063122027e+02 +1.063122027e+02 +6.9286e-01 -3.2087e+00 -1.9726e+00 +4.2350e+00 -2.4600e+00
1294 0 +2.402944273e+01 +1.016894427e+02 +1.016894427e+02 +2.5493e-01 -2.1877e-01 -5.9680e-01 +3.7377e+00 -2.4556e+00
1347 0 +2.164318452e+01 +9.930318452e+01 +9.930318452e+01 +2.5326e+00 -3.5218e-01 -1.2159e+00 +3.3211e+00 -2.1019e+00
1682 0 +1.112446934e+01 +8.878446934e+01 +8.878446934e+01 +1.3882e+00 -7.9457e-01 -1.2499e+00 +2.8850e+00 -1.7426e+00
2085 0 +1.084657106e+01 +8.850657106e+01 +8.850657106e+01 +4.5831e-01 -8.4711e-01 -7.3459e-01 +3.3453e+00 -3.1789e+00
2229 0 +9.585768260e+00 +8.724576826e+01 +8.724576826e+01 +1.3216e+00 +7.0841e-01 -1.2396e+00 +3.3330e+00 -2.7605e+00
2431 0 +6.944080374e+00 +8.460408037e+01 +8.460408037e+01 +2.3757e+00 +7.0273e-01 -6.9691e-01 +3.2989e+00 -2.4747e+00
3309 0 +5.190944105e+00 +8.285094410e+01 +8.285094410e+01 +2.3128e+00 -8.0678e-01 -1.8821e+00 +3.2956e+00 -2.0872e+00
5293 0 +4.680029763e+00 +8.234002976e+01 +8.234002976e+01 +2.3831e+00 -8.3992e-01 -2.0393e-01 +3.3114e+00 -2.4706e+00
5301 0 +4.663752131e+00 +8.232375213e+01 +8.232375213e+01 +2.3845e+00 -8.2002e-01 -2.1301e-01 +3.3100e+00 -2.4706e+00
5303 0 +4.521564973e+00 +8.218156497e+01 +8.218156497e+01 +2.3788e+00 -8.4285e-01 -2.1333e-01 +3.3068e+00 -2.4709e+00
5306 0 +4.439588845e+00 +8.209958884e+01 +8.209958884e+01 +2.3792e+00 -8.2257e-01 -2.1519e-01 +3.3180e+00 -2.4679e+00
5313 0 +4.276108760e+00 +8.193610876e+01 +8.193610876e+01 +2.3905e+00 -8.4251e-01 -2.1507e-01 +3.3093e+00 -2.4635e+00
5314 0 +4.257995366e+00 +8.191799537e+01 +8.191799537e+01 +2.3935e+00 -8.5375e-01 -2.1610e-01 +3.3089e+00 -2.4599e+00
5319 0 +4.132141843e+00 +8.179214184e+01 +8.179214184e+01 +2.3793e+00 -8.5010e-01 -2.1210e-01 +3.3208e+00 -2.4597e+00
5328 0 +4.028132400e+00 +8.168813240e+01 +8.168813240e+01 +2.3879e+00 -8.4821e-01 -2.1544e-01 +3.3227e+00 -2.4658e+00
5387 0 +3.980906242e+00 +8.164090624e+01 +8.164090624e+01 +2.3994e+00 -8.5525e-01 -2.1512e-01 +3.3225e+00 -2.4643e+00
7232 0 +1.622058960e+00 +7.928205896e+01 +7.928205896e+01 +2.4442e+00 -1.7147e-02 -1.2677e+00 +3.3343e+00 -2.4609e+00
9122 0 +1.239878584e+00 +7.889987858e+01 +7.889987858e+01 +2.3778e+00 -1.7147e-02 -1.2677e+00 +3.3343e+00 -2.4609e+00
15796 0 +5.964801390e-01 +7.825648014e+01 +7.825648014e+01 +2.3887e+00 -8.5748e-01 -1.2400e+00 +3.3278e+00 -2.4590e+00
15805 0 +5.674054613e-01 +7.822740546e+01 +7.822740546e+01 +2.3881e+00 -8.5379e-01 -1.2390e+00 +3.3194e+00 -2.4654e+00
15855 0 +4.843134424e-01 +7.814431344e+01 +7.814431344e+01 +2.3926e+00 -8.6510e-01 -1.2479e+00 +3.3175e+00 -2.4584e+00
15879 0 +2.900704796e-01 +7.795007048e+01 +7.795007048e+01 +2.3930e+00 -8.5731e-01 -1.2545e+00 +3.3146e+00 -2.4580e+00
16142 0 +9.118213397e-02 +7.775118213e+01 +7.775118213e+01 +2.3866e+00 -8.5359e-01 -1.2640e+00 +3.3277e+00 -2.4635e+00
16644 0 +5.912095390e-02 +7.771912095e+01 +7.771912095e+01 +2.4039e+00 -8.6290e-01 -1.2773e+00 +3.3205e+00 -2.4616e+00
16647 0 +5.848875647e-02 +7.771848876e+01 +7.771848876e+01 +2.4054e+00 -8.5184e-01 -1.2649e+00 +3.3225e+00 -2.4610e+00
16651 0 +3.723015179e-02 +7.769723015e+01 +7.769723015e+01 +2.4073e+00 -8.5208e-01 -1.2753e+00 +3.3218e+00 -2.4657e+00
16653 0 +3.320570919e-02 +7.769320571e+01 +7.769320571e+01 +2.4036e+00 -8.5626e-01 -1.2679e+00 +3.3211e+00 -2.4665e+00
16655 0 +1.441156778e-02 +7.767441157e+01 +7.767441157e+01 +2.3966e+00 -8.5510e-01 -1.2681e+00 +3.3251e+00 -2.4637e+00
16663 0 +1.244556469e-02 +7.767244556e+01 +7.767244556e+01 +2.4053e+00 -8.5423e-01 -1.2728e+00 +3.3224e+00 -2.4648e+00
16666 0 +1.132521923e-02 +7.767132522e+01 +7.767132522e+01 +2.3978e+00 -8.5331e-01 -1.2690e+00 +3.3222e+00 -2.4625e+00
16668 0 +3.657247166e-03 +7.766365725e+01 +7.766365725e+01 +2.3984e+00 -8.5697e-01 -1.2743e+00 +3.3236e+00 -2.4637e+00
16673 0 +3.355230352e-03 +7.766335523e+01 +7.766335523e+01 +2.3990e+00 -8.5528e-01 -1.2702e+00 +3.3240e+00 -2.4635e+00
16680 0 +1.199950169e-03 +7.766119995e+01 +7.766119995e+01 +2.3987e+00 -8.5529e-01 -1.2712e+00 +3.3224e+00 -2.4642e+00
16683 0 +1.156334962e-03 +7.766115633e+01 +7.766115633e+01 +2.4002e+00 -8.5502e-01 -1.2717e+00 +3.3229e+00 -2.4640e+00
16685 0 +1.056800216e-03 +7.766105680e+01 +7.766105680e+01 +2.3978e+00 -8.5463e-01 -1.2712e+00 +3.3233e+00 -2.4640e+00
16687 0 +4.166177323e-04 +7.766041662e+01 +7.766041662e+01 +2.3986e+00 -8.5596e-01 -1.2726e+00 +3.3233e+00 -2.4637e+00
16692 0 +3.584588297e-04 +7.766035846e+01 +7.766035846e+01 +2.3989e+00 -8.5559e-01 -1.2721e+00 +3.3234e+00 -2.4643e+00
16700 0 +2.027929553e-04 +7.766020279e+01 +7.766020279e+01 +2.3980e+00 -8.5568e-01 -1.2719e+00 +3.3235e+00 -2.4639e+00
16702 0 +1.215863346e-04 +7.766012159e+01 +7.766012159e+01 +2.3981e+00 -8.5570e-01 -1.2720e+00 +3.3230e+00 -2.4641e+00
16705 0 +7.889038206e-05 +7.766007889e+01 +7.766007889e+01 +2.3989e+00 -8.5606e-01 -1.2719e+00 +3.3231e+00 -2.4639e+00
16712 0 +7.464195565e-05 +7.766007464e+01 +7.766007464e+01 +2.3983e+00 -8.5573e-01 -1.2718e+00 +3.3232e+00 -2.4639e+00
16714 0 +5.378994993e-05 +7.766005379e+01 +7.766005379e+01 +2.3982e+00 -8.5578e-01 -1.2720e+00 +3.3233e+00 -2.4639e+00
16716 0 +3.598291207e-05 +7.766003598e+01 +7.766003598e+01 +2.3984e+00 -8.5588e-01 -1.2722e+00 +3.3233e+00 -2.4639e+00
16718 0 +2.744887078e-05 +7.766002745e+01 +7.766002745e+01 +2.3982e+00 -8.5580e-01 -1.2720e+00 +3.3231e+00 -2.4640e+00
16722 0 +2.171245526e-05 +7.766002171e+01 +7.766002171e+01 +2.3986e+00 -8.5594e-01 -1.2720e+00 +3.3232e+00 -2.4639e+00
16727 0 +1.884112963e-05 +7.766001884e+01 +7.766001884e+01 +2.3984e+00 -8.5595e-01 -1.2721e+00 +3.3232e+00 -2.4640e+00
16728 0 +1.475701664e-05 +7.766001476e+01 +7.766001476e+01 +2.3983e+00 -8.5592e-01 -1.2719e+00 +3.3232e+00 -2.4640e+00
16732 0 +1.034683068e-05 +7.766001035e+01 +7.766001035e+01 +2.3985e+00 -8.5595e-01 -1.2720e+00 +3.3232e+00 -2.4639e+00
16736 0 +4.570675372e-06 +7.766000457e+01 +7.766000457e+01 +2.3984e+00 -8.5593e-01 -1.2721e+00 +3.3232e+00 -2.4640e+00
16739 0 +2.617999911e-06 +7.766000262e+01 +7.766000262e+01 +2.3985e+00 -8.5597e-01 -1.2720e+00 +3.3232e+00 -2.4640e+00
16750 0 +2.218050170e-06 +7.766000222e+01 +7.766000222e+01 +2.3984e+00 -8.5595e-01 -1.2720e+00 +3.3232e+00 -2.4640e+00
16753 0 +1.930483535e-06 +7.766000193e+01 +7.766000193e+01 +2.3984e+00 -8.5594e-01 -1.2720e+00 +3.3232e+00 -2.4640e+00
16756 0 +1.654265589e-06 +7.766000165e+01 +7.766000165e+01 +2.3984e+00 -8.5597e-01 -1.2720e+00 +3.3232e+00 -2.4640e+00
16758 0 +1.423347555e-06 +7.766000142e+01 +7.766000142e+01 +2.3984e+00 -8.5594e-01 -1.2720e+00 +3.3232e+00 -2.4640e+00
16760 0 +1.410294118e-06 +7.766000141e+01 +7.766000141e+01 +2.3984e+00 -8.5596e-01 -1.2720e+00 +3.3232e+00 -2.4640e+00
16765 0 +1.129494237e-06 +7.766000113e+01 +7.766000113e+01 +2.3984e+00 -8.5597e-01 -1.2720e+00 +3.3232e+00 -2.4640e+00
16768 0 +1.013512232e-06 +7.766000101e+01 +7.766000101e+01 +2.3984e+00 -8.5596e-01 -1.2720e+00 +3.3232e+00 -2.4640e+00
16775 0 +8.612518201e-07 +7.766000086e+01 +7.766000086e+01 +2.3984e+00 -8.5597e-01 -1.2720e+00 +3.3232e+00 -2.4640e+00
16777 0 +8.098778039e-07 +7.766000081e+01 +7.766000081e+01 +2.3984e+00 -8.5596e-01 -1.2720e+00 +3.3232e+00 -2.4640e+00
16779 0 +6.767554197e-07 +7.766000068e+01 +7.766000068e+01 +2.3984e+00 -8.5597e-01 -1.2720e+00 +3.3232e+00 -2.4640e+00
16785 0 +6.346010224e-07 +7.766000063e+01 +7.766000063e+01 +2.3984e+00 -8.5597e-01 -1.2720e+00 +3.3232e+00 -2.4640e+00
16791 0 +6.279634732e-07 +7.766000063e+01 +7.766000063e+01 +2.3984e+00 -8.5597e-01 -1.2720e+00 +3.3232e+00 -2.4640e+00
16793 0 +4.584808408e-07 +7.766000046e+01 +7.766000046e+01 +2.3984e+00 -8.5598e-01 -1.2720e+00 +3.3232e+00 -2.4640e+00
16794 0 +4.169245500e-07 +7.766000042e+01 +7.766000042e+01 +2.3984e+00 -8.5598e-01 -1.2720e+00 +3.3232e+00 -2.4640e+00
16799 0 +3.944663831e-07 +7.766000039e+01 +7.766000039e+01 +2.3984e+00 -8.5599e-01 -1.2720e+00 +3.3232e+00 -2.4640e+00
16803 0 +3.496634804e-07 +7.766000035e+01 +7.766000035e+01 +2.3984e+00 -8.5599e-01 -1.2720e+00 +3.3232e+00 -2.4640e+00
16805 0 +3.224385807e-07 +7.766000032e+01 +7.766000032e+01 +2.3984e+00 -8.5598e-01 -1.2720e+00 +3.3232e+00 -2.4640e+00
16807 0 +2.846231837e-07 +7.766000028e+01 +7.766000028e+01 +2.3984e+00 -8.5599e-01 -1.2720e+00 +3.3232e+00 -2.4640e+00
16810 0 +2.229830187e-07 +7.766000022e+01 +7.766000022e+01 +2.3984e+00 -8.5599e-01 -1.2720e+00 +3.3232e+00 -2.4640e+00
16815 0 +1.989695875e-07 +7.766000020e+01 +7.766000020e+01 +2.3984e+00 -8.5599e-01 -1.2720e+00 +3.3232e+00 -2.4640e+00
16819 0 +1.428378340e-07 +7.766000014e+01 +7.766000014e+01 +2.3984e+00 -8.5599e-01 -1.2720e+00 +3.3232e+00 -2.4640e+00
16825 0 +8.198101398e-08 +7.766000008e+01 +7.766000008e+01 +2.3984e+00 -8.5599e-01 -1.2720e+00 +3.3232e+00 -2.4640e+00
16826 0 +4.721142943e-08 +7.766000005e+01 +7.766000005e+01 +2.3984e+00 -8.5599e-01 -1.2720e+00 +3.3232e+00 -2.4640e+00
16832 0 +4.177232427e-08 +7.766000004e+01 +7.766000004e+01 +2.3984e+00 -8.5600e-01 -1.2720e+00 +3.3232e+00 -2.4640e+00
16834 0 +1.757652512e-08 +7.766000002e+01 +7.766000002e+01 +2.3984e+00 -8.5600e-01 -1.2720e+00 +3.3232e+00 -2.4640e+00
16841 0 +1.102034730e-08 +7.766000001e+01 +7.766000001e+01 +2.3984e+00 -8.5600e-01 -1.2720e+00 +3.3232e+00 -2.4640e+00
16848 0 +5.820396609e-09 +7.766000001e+01 +7.766000001e+01 +2.3984e+00 -8.5600e-01 -1.2720e+00 +3.3232e+00 -2.4640e+00
16928 0 +9.237055565e-13 +7.766000000e+01 +7.766000000e+01 +2.3984e+00 -8.5600e-01 -1.2720e+00 +3.3232e+00 -2.4640e+00
20000 0 +1.421085472e-14 +7.766000000e+01 +7.766000000e+01 +2.3984e+00 -8.5600e-01 -1.2720e+00 +3.3232e+00 -2.4640e+00
% f evaluations | g evaluations | best noise-free fitness - Fopt (1.156800000000e+02) + sum g_i+ | measured fitness | best measured fitness or single-digit g-values | x1 | x2...
1 0 +1.398993792e+02 +2.555793792e+02 +2.555793792e+02 +2.7396e+00 -6.1122e-01 +3.5860e+00 +1.9737e+00 -4.0582e+00
10 0 +7.678535200e+01 +1.924653520e+02 +1.924653520e+02 +3.0476e+00 -1.1252e+00 -2.1167e+00 +1.8250e+00 -3.6025e+00
135 0 +4.713026523e+01 +1.628102652e+02 +1.628102652e+02 -1.9905e+00 -1.1416e-01 -2.2367e+00 +4.0159e+00 -3.5426e+00
451 0 +3.723651379e+01 +1.529165138e+02 +1.529165138e+02 -1.9905e+00 -1.1416e-01 -1.9726e-02 +4.0159e+00 -3.5426e+00
634 0 +3.107227312e+01 +1.467522731e+02 +1.467522731e+02 -3.0250e+00 -1.6050e+00 +8.9581e-01 +2.7470e+00 -3.6217e+00
895 0 +1.973874739e+01 +1.354187474e+02 +1.354187474e+02 -3.2903e+00 -1.1416e-01 +8.7686e-01 +4.0159e+00 -3.2695e+00
1846 0 +1.412305628e+01 +1.298030563e+02 +1.298030563e+02 -3.3324e+00 -2.0568e-01 -3.4099e-01 +3.0483e+00 -3.5994e+00
1927 0 +1.309114131e+01 +1.287711413e+02 +1.287711413e+02 -1.2189e+00 -1.6936e+00 +7.5144e-01 +3.0725e+00 -3.5609e+00
2332 0 +1.240145606e+01 +1.280814561e+02 +1.280814561e+02 -2.0658e+00 +4.2804e-01 -2.9660e-01 +2.6386e+00 -3.6245e+00
2341 0 +7.363498721e+00 +1.230434987e+02 +1.230434987e+02 -3.1585e+00 +6.1049e-01 +2.7916e-01 +3.5529e+00 -3.5864e+00
3831 0 +5.935106410e+00 +1.216151064e+02 +1.216151064e+02 -1.1753e+00 -1.8451e+00 +2.8729e-01 +3.5531e+00 -3.5911e+00
4051 0 +3.693737247e+00 +1.193737372e+02 +1.193737372e+02 -2.2045e+00 -1.0362e+00 +2.1426e-01 +3.1164e+00 -3.2612e+00
6414 0 +3.385127742e+00 +1.190651277e+02 +1.190651277e+02 -2.1091e+00 -1.7581e-01 +2.5302e-01 +3.0895e+00 -3.5716e+00
6904 0 +3.171756217e+00 +1.188517562e+02 +1.188517562e+02 -2.2328e+00 -1.7581e-01 +2.5302e-01 +3.0895e+00 -3.5716e+00
6977 0 +1.672055285e+00 +1.173520553e+02 +1.173520553e+02 -2.1805e+00 -9.7355e-01 +2.4493e-01 +3.0725e+00 -3.9032e+00
7452 0 +1.118417891e+00 +1.167984179e+02 +1.167984179e+02 -2.1905e+00 -9.7601e-01 +2.7212e-01 +3.1034e+00 -3.5883e+00
7512 0 +1.054802563e+00 +1.167348026e+02 +1.167348026e+02 -2.1905e+00 -9.7601e-01 +2.7212e-01 +3.1008e+00 -3.5883e+00
8923 0 +1.028912240e+00 +1.167089122e+02 +1.167089122e+02 -2.1811e+00 -9.8233e-01 +2.4589e-01 +2.6776e+00 -3.6075e+00
8944 0 +1.005434749e+00 +1.166854347e+02 +1.166854347e+02 -2.1813e+00 -9.8280e-01 +2.4682e-01 +2.6798e+00 -3.6057e+00
8967 0 +9.963973032e-01 +1.166763973e+02 +1.166763973e+02 -2.1798e+00 -9.8264e-01 +2.4454e-01 +2.6824e+00 -3.6053e+00
9352 0 +6.909639485e-01 +1.163709639e+02 +1.163709639e+02 -2.1557e+00 -9.7601e-01 +2.4961e-01 +3.1008e+00 -3.5883e+00
10857 0 +3.472809942e-01 +1.160272810e+02 +1.160272810e+02 -2.1668e+00 -9.8637e-01 +2.2971e-01 +3.0979e+00 -3.6116e+00
11398 0 +3.048556684e-01 +1.159848557e+02 +1.159848557e+02 -2.1431e+00 -9.6948e-01 +2.4406e-01 +3.0837e+00 -3.6038e+00
12073 0 +2.117338760e-01 +1.158917339e+02 +1.158917339e+02 -2.1884e+00 -9.8814e-01 +2.2982e-01 +3.0950e+00 -3.6033e+00
12181 0 +1.562423928e-01 +1.158362424e+02 +1.158362424e+02 -2.1670e+00 -9.9822e-01 +2.4538e-01 +3.0847e+00 -3.6011e+00
12538 0 +1.349883581e-01 +1.158149884e+02 +1.158149884e+02 -2.1576e+00 -9.8786e-01 +2.4128e-01 +3.0946e+00 -3.6038e+00
12688 0 +6.180139616e-02 +1.157418014e+02 +1.157418014e+02 -2.1809e+00 -9.8047e-01 +2.3691e-01 +3.0914e+00 -3.6078e+00
12805 0 +4.982436854e-02 +1.157298244e+02 +1.157298244e+02 -2.1794e+00 -9.9059e-01 +2.4345e-01 +3.0840e+00 -3.6039e+00
12953 0 +3.418699300e-02 +1.157141870e+02 +1.157141870e+02 -2.1784e+00 -9.8809e-01 +2.4692e-01 +3.0849e+00 -3.6040e+00
13038 0 +3.000628048e-02 +1.157100063e+02 +1.157100063e+02 -2.1710e+00 -9.7902e-01 +2.4629e-01 +3.0888e+00 -3.6073e+00
13060 0 +8.122028448e-03 +1.156881220e+02 +1.156881220e+02 -2.1753e+00 -9.8503e-01 +2.4285e-01 +3.0896e+00 -3.6059e+00
13130 0 +7.471338060e-03 +1.156874713e+02 +1.156874713e+02 -2.1792e+00 -9.8467e-01 +2.4421e-01 +3.0866e+00 -3.6039e+00
13336 0 +6.459696419e-03 +1.156864597e+02 +1.156864597e+02 -2.1761e+00 -9.8266e-01 +2.4294e-01 +3.0898e+00 -3.6058e+00
13407 0 +4.819242899e-03 +1.156848192e+02 +1.156848192e+02 -2.1776e+00 -9.8315e-01 +2.4227e-01 +3.0879e+00 -3.6046e+00
13508 0 +4.727510222e-03 +1.156847275e+02 +1.156847275e+02 -2.1815e+00 -9.8362e-01 +2.4315e-01 +3.0881e+00 -3.6052e+00
13518 0 +2.971568541e-03 +1.156829716e+02 +1.156829716e+02 -2.1783e+00 -9.8432e-01 +2.4435e-01 +3.0902e+00 -3.6042e+00
13553 0 +1.717542485e-03 +1.156817175e+02 +1.156817175e+02 -2.1790e+00 -9.8312e-01 +2.4346e-01 +3.0891e+00 -3.6044e+00
13645 0 +1.542124049e-03 +1.156815421e+02 +1.156815421e+02 -2.1782e+00 -9.8232e-01 +2.4404e-01 +3.0897e+00 -3.6047e+00
13651 0 +7.741291876e-04 +1.156807741e+02 +1.156807741e+02 -2.1787e+00 -9.8446e-01 +2.4493e-01 +3.0891e+00 -3.6046e+00
13754 0 +3.249879645e-04 +1.156803250e+02 +1.156803250e+02 -2.1785e+00 -9.8358e-01 +2.4456e-01 +3.0885e+00 -3.6045e+00
13822 0 +2.112300649e-04 +1.156802112e+02 +1.156802112e+02 -2.1786e+00 -9.8316e-01 +2.4438e-01 +3.0887e+00 -3.6050e+00
13890 0 +1.302155671e-04 +1.156801302e+02 +1.156801302e+02 -2.1781e+00 -9.8351e-01 +2.4463e-01 +3.0889e+00 -3.6046e+00
13913 0 +9.930148327e-05 +1.156800993e+02 +1.156800993e+02 -2.1781e+00 -9.8312e-01 +2.4502e-01 +3.0886e+00 -3.6047e+00
13960 0 +8.727372808e-05 +1.156800873e+02 +1.156800873e+02 -2.1779e+00 -9.8325e-01 +2.4493e-01 +3.0888e+00 -3.6047e+00
13984 0 +6.666192662e-05 +1.156800667e+02 +1.156800667e+02 -2.1785e+00 -9.8311e-01 +2.4476e-01 +3.0886e+00 -3.6049e+00
14004 0 +3.041597731e-05 +1.156800304e+02 +1.156800304e+02 -2.1784e+00 -9.8326e-01 +2.4466e-01 +3.0888e+00 -3.6049e+00
14030 0 +2.953070795e-05 +1.156800295e+02 +1.156800295e+02 -2.1787e+00 -9.8309e-01 +2.4485e-01 +3.0887e+00 -3.6048e+00
14088 0 +1.194213937e-05 +1.156800119e+02 +1.156800119e+02 -2.1784e+00 -9.8325e-01 +2.4467e-01 +3.0888e+00 -3.6048e+00
14153 0 +7.893423302e-06 +1.156800079e+02 +1.156800079e+02 -2.1784e+00 -9.8319e-01 +2.4469e-01 +3.0888e+00 -3.6048e+00
14239 0 +5.915412970e-06 +1.156800059e+02 +1.156800059e+02 -2.1784e+00 -9.8315e-01 +2.4482e-01 +3.0889e+00 -3.6048e+00
14240 0 +4.098398833e-06 +1.156800041e+02 +1.156800041e+02 -2.1783e+00 -9.8322e-01 +2.4482e-01 +3.0888e+00 -3.6048e+00
14342 0 +3.016000775e-06 +1.156800030e+02 +1.156800030e+02 -2.1784e+00 -9.8318e-01 +2.4476e-01 +3.0888e+00 -3.6048e+00
14394 0 +2.551649715e-06 +1.156800026e+02 +1.156800026e+02 -2.1784e+00 -9.8317e-01 +2.4482e-01 +3.0888e+00 -3.6048e+00
14395 0 +1.266791102e-06 +1.156800013e+02 +1.156800013e+02 -2.1784e+00 -9.8319e-01 +2.4478e-01 +3.0888e+00 -3.6048e+00
14511 0 +8.316023354e-07 +1.156800008e+02 +1.156800008e+02 -2.1784e+00 -9.8319e-01 +2.4480e-01 +3.0888e+00 -3.6048e+00
14541 0 +7.665205572e-07 +1.156800008e+02 +1.156800008e+02 -2.1784e+00 -9.8321e-01 +2.4480e-01 +3.0888e+00 -3.6048e+00
14560 0 +4.454938534e-07 +1.156800004e+02 +1.156800004e+02 -2.1784e+00 -9.8321e-01 +2.4479e-01 +3.0888e+00 -3.6048e+00
14612 0 +2.714003955e-07 +1.156800003e+02 +1.156800003e+02 -2.1784e+00 -9.8318e-01 +2.4481e-01 +3.0888e+00 -3.6048e+00
14666 0 +2.560535108e-07 +1.156800003e+02 +1.156800003e+02 -2.1784e+00 -9.8319e-01 +2.4480e-01 +3.0888e+00 -3.6048e+00
14674 0 +2.165056685e-07 +1.156800002e+02 +1.156800002e+02 -2.1784e+00 -9.8321e-01 +2.4479e-01 +3.0888e+00 -3.6048e+00
14695 0 +1.285016964e-07 +1.156800001e+02 +1.156800001e+02 -2.1784e+00 -9.8319e-01 +2.4480e-01 +3.0888e+00 -3.6048e+00
14767 0 +9.851055438e-08 +1.156800001e+02 +1.156800001e+02 -2.1784e+00 -9.8320e-01 +2.4480e-01 +3.0888e+00 -3.6048e+00
14784 0 +8.381822170e-08 +1.156800001e+02 +1.156800001e+02 -2.1784e+00 -9.8320e-01 +2.4480e-01 +3.0888e+00 -3.6048e+00
14817 0 +3.248197800e-08 +1.156800000e+02 +1.156800000e+02 -2.1784e+00 -9.8320e-01 +2.4480e-01 +3.0888e+00 -3.6048e+00
15030 0 +2.124447462e-08 +1.156800000e+02 +1.156800000e+02 -2.1784e+00 -9.8320e-01 +2.4481e-01 +3.0888e+00 -3.6048e+00
15038 0 +7.965795135e-09 +1.156800000e+02 +1.156800000e+02 -2.1784e+00 -9.8320e-01 +2.4480e-01 +3.0888e+00 -3.6048e+00
15121 0 +9.521272659e-13 +1.156800000e+02 +1.156800000e+02 -2.1784e+00 -9.8320e-01 +2.4480e-01 +3.0888e+00 -3.6048e+00
15162 0 +0.000000000e+00 +1.156800000e+02 +1.156800000e+02 -2.1784e+00 -9.8320e-01 +2.4480e-01 +3.0888e+00 -3.6048e+00
20000 0 +0.000000000e+00 +1.156800000e+02 +1.156800000e+02 -2.1784e+00 -9.8320e-01 +2.4480e-01 +3.0888e+00 -3.6048e+00
% f evaluations | g evaluations | best noise-free fitness - Fopt (-3.710000000000e+00) + sum g_i+ | measured fitness | best measured fitness or single-digit g-values | x1 | x2...
1 0 +5.627393652e+02 +5.590293652e+02 +5.590293652e+02 +2.7396e+00 -6.1122e-01 +3.5860e+00 +1.9737e+00 -4.0582e+00
2 0 +5.597773169e+02 +5.560673169e+02 +5.560673169e+02 +4.7562e+00 +2.6114e+00 +2.8606e+00 -3.7189e+00 -4.9614e-01
3 0 +3.765291015e+02 +3.728191015e+02 +3.728191015e+02 -1.2920e+00 +4.2676e+00 +1.4387e+00 +3.2276e+00 -5.6586e-01
4 0 +2.495903475e+02 +2.458803475e+02 +2.458803475e+02 -2.7276e+00 +5.4585e-01 -4.3618e+00 +3.2763e+00 +1.3166e+00
5 0 +7.478003807e+01 +7.107003807e+01 +7.107003807e+01 +2.5809e+00 -1.4547e+00 +4.7070e+00 +3.9312e+00 +2.7838e+00
183 0 +6.643454032e+01 +6.272454032e+01 +6.272454032e+01 +3.9106e+00 -1.0113e+00 +4.5262e-02 +2.8793e+00 +3.5113e+00
271 0 +4.536686945e+01 +4.165686945e+01 +4.165686945e+01 +3.7932e+00 -8.2917e-01 +5.9137e-01 +3.3744e+00 +3.5164e+00
451 0 +2.344518454e+01 +1.973518454e+01 +1.973518454e+01 -8.9153e-01 -1.4133e+00 +1.7727e+00 +3.0304e+00 +3.5272e+00
1015 0 +2.013493593e+01 +1.642493593e+01 +1.642493593e+01 +2.1699e+00 -7.6211e-01 +6.2838e-01 +3.0412e+00 +3.1492e+00
1507 0 +1.993800875e+01 +1.622800875e+01 +1.622800875e+01 +2.9124e+00 -3.7384e+00 +1.7824e+00 +4.4164e+00 +3.4900e+00
1835 0 +1.877913005e+01 +1.506913005e+01 +1.506913005e+01 +1.4651e+00 -1.3974e+00 +1.2250e+00 +3.8699e+00 +3.1706e+00
1847 0 +1.453802338e+01 +1.082802338e+01 +1.082802338e+01 +2.1379e+00 -9.3733e-01 +2.3965e+00 +3.9708e+00 +3.1644e+00
1918 0 +1.225511277e+01 +8.545112774e+00 +8.545112774e+00 +4.1300e+00 -2.2913e+00 +1.2250e+00 +2.9744e+00 +3.1706e+00
1934 0 +8.817196310e+00 +5.107196310e+00 +5.107196310e+00 +2.2260e+00 -2.3896e+00 +1.7578e+00 +3.9156e+00 +3.1287e+00
3289 0 +8.487961229e+00 +4.777961229e+00 +4.777961229e+00 +2.1379e+00 -1.4154e+00 +2.3965e+00 +3.8979e+00 +3.1644e+00
3667 0 +7.797681697e+00 +4.087681697e+00 +4.087681697e+00 +3.0657e+00 -2.3896e+00 +1.7578e+00 +3.4532e+00 +3.1287e+00
4336 0 +7.280183886e+00 +3.570183886e+00 +3.570183886e+00 +1.1628e+00 -1.5596e+00 +1.8090e+00 +3.9479e+00 +3.1479e+00
4804 0 +3.922995955e+00 +2.129959547e-01 +2.129959547e-01 +3.0497e+00 -1.4797e+00 +1.8092e+00 +3.9409e+00 +3.1324e+00
5395 0 +3.630222035e+00 -7.977796490e-02 -7.977796490e-02 +3.0497e+00 -1.4797e+00 +1.7687e+00 +3.9409e+00 +3.1324e+00
% f evaluations | g evaluations | best noise-free fitness - Fopt (1.321800000000e+02) + sum g_i+ | measured fitness | best measured fitness or single-digit g-values | x1 | x2...
1 0 +3.201189279e+02 +4.522989279e+02 +4.522989279e+02 +2.7396e+00 -6.1122e-01 +3.5860e+00 +1.9737e+00 -4.0582e+00
2 0 +2.171382022e+02 +3.493182022e+02 +3.493182022e+02 +4.7562e+00 +2.6114e+00 +2.8606e+00 -3.7189e+00 -4.9614e-01
12 0 +1.654902116e+02 +2.976702116e+02 +2.976702116e+02 +2.8073e+00 -4.1084e-01 +6.8741e-01 -3.6020e+00 -3.8547e+00
15 0 +8.854225849e+01 +2.207222585e+02 +2.207222585e+02 -2.8542e+00 -9.1471e-01 +3.5340e+00 -2.6606e+00 -4.4170e+00
40 0 +8.489919112e+01 +2.170791911e+02 +2.170791911e+02 -3.2073e+00 +9.9383e-01 +3.7456e+00 -3.0357e+00 -1.8968e+00
105 0 +5.552419123e+01 +1.877041912e+02 +1.877041912e+02 -2.8542e+00 -9.1471e-01 +3.5340e+00 -1.7194e+00 -3.6819e+00
455 0 +5.219789235e+01 +1.843778924e+02 +1.843778924e+02 -3.0495e+00 -9.7790e-01 +2.8838e+00 -2.3295e+00 -1.3967e+00
458 0 +3.687706394e+01 +1.690570639e+02 +1.690570639e+02 -1.6060e+00 +6.9137e-01 +2.8433e+00 -2.8546e+00 -3.6790e+00
630 0 +2.885334562e+01 +1.610333456e+02 +1.610333456e+02 -2.7497e+00 +1.5788e+00 +2.8901e+00 -2.0827e+00 -3.4759e+00
716 0 +1.821108649e+01 +1.503910865e+02 +1.503910865e+02 -2.7077e+00 +1.6338e+00 +3.4291e+00 -2.3491e+00 -3.1354e+00
1255 0 +1.587316928e+01 +1.480531693e+02 +1.480531693e+02 -1.6768e+00 +1.4202e+00 +3.9861e+00 -1.0466e+00 -2.8037e+00
1633 0 +1.357440986e+01 +1.457544099e+02 +1.457544099e+02 -4.6655e+00 +1.4112e+00 +3.4105e+00 -2.4121e+00 -2.8365e+00
1712 0 +1.268075192e+01 +1.448607519e+02 +1.448607519e+02 -4.7775e+00 +2.3194e+00 +3.4019e+00 -1.9264e+00 -2.7468e+00
2764 0 +1.141791399e+01 +1.435979140e+02 +1.435979140e+02 -3.6858e+00 +1.5207e+00 +3.4124e+00 -2.0221e+00 -2.0615e+00
2972 0 +7.950699149e+00 +1.401306991e+02 +1.401306991e+02 -3.8498e+00 +2.1856e+00 +3.4280e+00 -1.9953e+00 -2.5293e+00
4290 0 +7.785169996e+00 +1.399651700e+02 +1.399651700e+02 -3.7632e+00 +2.2310e+00 +2.8587e+00 -1.9692e+00 -3.2064e+00
4339 0 +7.307946001e+00 +1.394879460e+02 +1.394879460e+02 -3.6927e+00 +1.5207e+00 +3.4124e+00 -2.0221e+00 -2.1099e+00
4698 0 +5.274925524e+00 +1.374549255e+02 +1.374549255e+02 -2.7465e+00 +1.4546e+00 +2.8864e+00 -2.4033e+00 -2.5116e+00
4908 0 +4.903388957e+00 +1.370833890e+02 +1.370833890e+02 -2.7465e+00 +1.4634e+00 +2.8864e+00 -2.3987e+00 -2.5116e+00
5122 0 +3.761184664e+00 +1.359411847e+02 +1.359411847e+02 -3.8568e+00 +2.1738e+00 +3.4710e+00 -1.9784e+00 -2.4879e+00
5803 0 +3.411323543e+00 +1.355913235e+02 +1.355913235e+02 -3.8291e+00 +1.4934e+00 +3.4488e+00 -1.4836e+00 -2.7941e+00
5951 0 +3.319496886e+00 +1.354994969e+02 +1.354994969e+02 -2.7938e+00 +1.4127e+00 +3.4605e+00 -1.9587e+00 -2.4761e+00
6896 0 +3.285719791e+00 +1.354657198e+02 +1.354657198e+02 -2.7938e+00 +1.4127e+00 +3.4605e+00 -1.9587e+00 -2.4771e+00
7049 0 +3.112471947e+00 +1.352924719e+02 +1.352924719e+02 -3.8394e+00 +1.5009e+00 +2.9152e+00 -1.9450e+00 -2.4951e+00
7474 0 +1.756467700e+00 +1.339364677e+02 +1.339364677e+02 -3.7817e+00 +1.4830e+00 +3.4379e+00 -1.9785e+00 -2.8098e+00
8994 0 +1.730514630e+00 +1.339105146e+02 +1.339105146e+02 -3.7685e+00 +2.2547e+00 +3.4476e+00 -1.9638e+00 -2.4824e+00
9477 0 +1.264545621e+00 +1.334445456e+02 +1.334445456e+02 -3.8126e+00 +1.5110e+00 +3.4629e+00 -1.9621e+00 -2.4741e+00
9515 0 +3.297095635e-01 +1.325097096e+02 +1.325097096e+02 -3.7685e+00 +1.4932e+00 +3.4476e+00 -1.9638e+00 -2.4824e+00
10614 0 +2.652915788e-01 +1.324452916e+02 +1.324452916e+02 -3.7821e+00 +1.5000e+00 +3.4656e+00 -1.9747e+00 -2.4947e+00
10615 0 +2.426657901e-01 +1.324226658e+02 +1.324226658e+02 -3.7873e+00 +1.4928e+00 +3.4635e+00 -1.9741e+00 -2.4957e+00
10628 0 +2.324429512e-01 +1.324124430e+02 +1.324124430e+02 -3.7806e+00 +1.4899e+00 +3.4653e+00 -1.9741e+00 -2.4987e+00
10630 0 +2.237150643e-01 +1.324037151e+02 +1.324037151e+02 -3.7864e+00 +1.4890e+00 +3.4643e+00 -1.9701e+00 -2.4987e+00
10633 0 +2.010152766e-01 +1.323810153e+02 +1.323810153e+02 -3.7822e+00 +1.4936e+00 +3.4605e+00 -1.9716e+00 -2.4966e+00
10634 0 +1.652193728e-01 +1.323452194e+02 +1.323452194e+02 -3.7806e+00 +1.4939e+00 +3.4588e+00 -1.9709e+00 -2.4953e+00
10638 0 +1.348842299e-01 +1.323148842e+02 +1.323148842e+02 -3.7753e+00 +1.4835e+00 +3.4676e+00 -1.9676e+00 -2.4991e+00
10639 0 +1.177472505e-01 +1.322977473e+02 +1.322977473e+02 -3.7840e+00 +1.4869e+00 +3.4654e+00 -1.9671e+00 -2.4951e+00
10640 0 +1.111304613e-01 +1.322911305e+02 +1.322911305e+02 -3.7857e+00 +1.4854e+00 +3.4654e+00 -1.9636e+00 -2.4933e+00
10641 0 +7.144877426e-02 +1.322514488e+02 +1.322514488e+02 -3.7778e+00 +1.4864e+00 +3.4668e+00 -1.9685e+00 -2.4929e+00
10642 0 +5.114239373e-02 +1.322311424e+02 +1.322311424e+02 -3.7735e+00 +1.4850e+00 +3.4680e+00 -1.9677e+00 -2.4901e+00
10643 0 +4.633406549e-02 +1.322263341e+02 +1.322263341e+02 -3.7774e+00 +1.4790e+00 +3.4610e+00 -1.9665e+00 -2.4934e+00
10645 0 +4.553695990e-02 +1.322255370e+02 +1.322255370e+02 -3.7711e+00 +1.4883e+00 +3.4619e+00 -1.9610e+00 -2.4930e+00
10652 0 +1.847877855e-02 +1.321984788e+02 +1.321984788e+02 -3.7636e+00 +1.4800e+00 +3.4636e+00 -1.9639e+00 -2.4897e+00
10654 0 +1.716709835e-02 +1.321971671e+02 +1.321971671e+02 -3.7677e+00 +1.4827e+00 +3.4644e+00 -1.9666e+00 -2.4942e+00
10661 0 +9.293404761e-03 +1.321892934e+02 +1.321892934e+02 -3.7636e+00 +1.4826e+00 +3.4592e+00 -1.9645e+00 -2.4935e+00
10663 0 +8.246691943e-03 +1.321882467e+02 +1.321882467e+02 -3.7599e+00 +1.4855e+00 +3.4616e+00 -1.9645e+00 -2.4923e+00
10665 0 +5.779770026e-03 +1.321857798e+02 +1.321857798e+02 -3.7604e+00 +1.4816e+00 +3.4612e+00 -1.9672e+00 -2.4923e+00
10667 0 +4.237279755e-03 +1.321842373e+02 +1.321842373e+02 -3.7648e+00 +1.4846e+00 +3.4611e+00 -1.9669e+00 -2.4923e+00
10669 0 +2.166305551e-03 +1.321821663e+02 +1.321821663e+02 -3.7634e+00 +1.4817e+00 +3.4626e+00 -1.9649e+00 -2.4913e+00
10677 0 +1.922640523e-03 +1.321819226e+02 +1.321819226e+02 -3.7620e+00 +1.4824e+00 +3.4615e+00 -1.9664e+00 -2.4924e+00
10679 0 +1.683783089e-03 +1.321816838e+02 +1.321816838e+02 -3.7620e+00 +1.4833e+00 +3.4608e+00 -1.9655e+00 -2.4917e+00
10681 0 +1.172687464e-03 +1.321811727e+02 +1.321811727e+02 -3.7636e+00 +1.4837e+00 +3.4612e+00 -1.9662e+00 -2.4922e+00
10682 0 +7.570812516e-04 +1.321807571e+02 +1.321807571e+02 -3.7641e+00 +1.4815e+00 +3.4610e+00 -1.9660e+00 -2.4919e+00
10687 0 +3.390138692e-04 +1.321803390e+02 +1.321803390e+02 -3.7632e+00 +1.4822e+00 +3.4618e+00 -1.9654e+00 -2.4917e+00
10691 0 +2.914116176e-04 +1.321802914e+02 +1.321802914e+02 -3.7638e+00 +1.4830e+00 +3.4612e+00 -1.9658e+00 -2.4921e+00
10695 0 +2.335567307e-04 +1.321802336e+02 +1.321802336e+02 -3.7636e+00 +1.4825e+00 +3.4612e+00 -1.9656e+00 -2.4922e+00
10697 0 +1.691544886e-04 +1.321801692e+02 +1.321801692e+02 -3.7640e+00 +1.4830e+00 +3.4616e+00 -1.9654e+00 -2.4921e+00
10699 0 +9.176524225e-05 +1.321800918e+02 +1.321800918e+02 -3.7645e+00 +1.4823e+00 +3.4615e+00 -1.9656e+00 -2.4921e+00
10701 0 +6.991016048e-05 +1.321800699e+02 +1.321800699e+02 -3.7636e+00 +1.4824e+00 +3.4616e+00 -1.9655e+00 -2.4919e+00
10709 0 +5.596002009e-05 +1.321800560e+02 +1.321800560e+02 -3.7641e+00 +1.4825e+00 +3.4615e+00 -1.9658e+00 -2.4920e+00
10712 0 +2.451246419e-05 +1.321800245e+02 +1.321800245e+02 -3.7641e+00 +1.4821e+00 +3.4617e+00 -1.9656e+00 -2.4920e+00
10714 0 +1.699203960e-05 +1.321800170e+02 +1.321800170e+02 -3.7643e+00 +1.4824e+00 +3.4616e+00 -1.9656e+00 -2.4920e+00
10716 0 +1.624242307e-05 +1.321800162e+02 +1.321800162e+02 -3.7641e+00 +1.4824e+00 +3.4617e+00 -1.9655e+00 -2.4920e+00
10720 0 +1.112277607e-05 +1.321800111e+02 +1.321800111e+02 -3.7638e+00 +1.4824e+00 +3.4616e+00 -1.9656e+00 -2.4920e+00
10724 0 +6.884308362e-06 +1.321800069e+02 +1.321800069e+02 -3.7640e+00 +1.4823e+00 +3.4616e+00 -1.9656e+00 -2.4920e+00
10726 0 +4.808137561e-06 +1.321800048e+02 +1.321800048e+02 -3.7641e+00 +1.4824e+00 +3.4616e+00 -1.9656e+00 -2.4920e+00
10730 0 +3.975289872e-06 +1.321800040e+02 +1.321800040e+02 -3.7640e+00 +1.4824e+00 +3.4617e+00 -1.9656e+00 -2.4920e+00
10732 0 +2.400354447e-06 +1.321800024e+02 +1.321800024e+02 -3.7640e+00 +1.4824e+00 +3.4616e+00 -1.9656e+00 -2.4920e+00
10734 0 +1.300037923e-06 +1.321800013e+02 +1.321800013e+02 -3.7639e+00 +1.4824e+00 +3.4616e+00 -1.9656e+00 -2.4920e+00
10743 0 +1.072834550e-06 +1.321800011e+02 +1.321800011e+02 -3.7640e+00 +1.4824e+00 +3.4616e+00 -1.9656e+00 -2.4920e+00
10745 0 +9.457430963e-07 +1.321800009e+02 +1.321800009e+02 -3.7640e+00 +1.4824e+00 +3.4616e+00 -1.9656e+00 -2.4920e+00
10747 0 +6.029952146e-07 +1.321800006e+02 +1.321800006e+02 -3.7640e+00 +1.4824e+00 +3.4616e+00 -1.9656e+00 -2.4920e+00
10749 0 +5.732276236e-07 +1.321800006e+02 +1.321800006e+02 -3.7640e+00 +1.4824e+00 +3.4616e+00 -1.9656e+00 -2.4920e+00
10752 0 +3.703914899e-07 +1.321800004e+02 +1.321800004e+02 -3.7640e+00 +1.4824e+00 +3.4616e+00 -1.9656e+00 -2.4920e+00
10754 0 +1.488988630e-07 +1.321800001e+02 +1.321800001e+02 -3.7640e+00 +1.4824e+00 +3.4616e+00 -1.9656e+00 -2.4920e+00
10766 0 +1.406684760e-07 +1.321800001e+02 +1.321800001e+02 -3.7640e+00 +1.4824e+00 +3.4616e+00 -1.9656e+00 -2.4920e+00
10767 0 +9.728870509e-08 +1.321800001e+02 +1.321800001e+02 -3.7640e+00 +1.4824e+00 +3.4616e+00 -1.9656e+00 -2.4920e+00
10769 0 +9.085150054e-08 +1.321800001e+02 +1.321800001e+02 -3.7640e+00 +1.4824e+00 +3.4616e+00 -1.9656e+00 -2.4920e+00
10773 0 +3.949634220e-08 +1.321800000e+02 +1.321800000e+02 -3.7640e+00 +1.4824e+00 +3.4616e+00 -1.9656e+00 -2.4920e+00
10775 0 +2.412318167e-08 +1.321800000e+02 +1.321800000e+02 -3.7640e+00 +1.4824e+00 +3.4616e+00 -1.9656e+00 -2.4920e+00
10777 0 +2.372263452e-08 +1.321800000e+02 +1.321800000e+02 -3.7640e+00 +1.4824e+00 +3.4616e+00 -1.9656e+00 -2.4920e+00
10780 0 +2.255501386e-08 +1.321800000e+02 +1.321800000e+02 -3.7640e+00 +1.4824e+00 +3.4616e+00 -1.9656e+00 -2.4920e+00
10782 0 +1.772156111e-08 +1.321800000e+02 +1.321800000e+02 -3.7640e+00 +1.4824e+00 +3.4616e+00 -1.9656e+00 -2.4920e+00
10786 0 +1.001816941e-08 +1.321800000e+02 +1.321800000e+02 -3.7640e+00 +1.4824e+00 +3.4616e+00 -1.9656e+00 -2.4920e+00
10788 0 +3.731599918e-09 +1.321800000e+02 +1.321800000e+02 -3.7640e+00 +1.4824e+00 +3.4616e+00 -1.9656e+00 -2.4920e+00
10876 0 +9.094947018e-13 +1.321800000e+02 +1.321800000e+02 -3.7640e+00 +1.4824e+00 +3.4616e+00 -1.9656e+00 -2.4920e+00
13256 0 +0.000000000e+00 +1.321800000e+02 +1.321800000e+02 -3.7640e+00 +1.4824e+00 +3.4616e+00 -1.9656e+00 -2.4920e+00
20000 0 +0.000000000e+00 +1.321800000e+02 +1.321800000e+02 -3.7640e+00 +1.4824e+00 +3.4616e+00 -1.9656e+00 -2.4920e+00
% f evaluations | g evaluations | best noise-free fitness - Fopt (-4.620900000000e+02) + sum g_i+ | measured fitness | best measured fitness or single-digit g-values | x1 | x2...
1 0 +4.617191954e+02 -3.708046412e-01 -3.708046412e-01 +2.7396e+00 -6.1122e-01 +3.5860e+00 +1.9737e+00 -4.0582e+00
2 0 +3.229227611e+02 -1.391672389e+02 -1.391672389e+02 +4.7562e+00 +2.6114e+00 +2.8606e+00 -3.7189e+00 -4.9614e-01
3 0 +1.843105818e+02 -2.777794182e+02 -2.777794182e+02 -1.2920e+00 +4.2676e+00 +1.4387e+00 +3.2276e+00 -5.6586e-01
9 0 +1.207937828e+02 -3.412962172e+02 -3.412962172e+02 -6.2848e-01 +3.3268e+00 +2.0027e+00 -1.8763e+00 +3.3226e+00
13 0 +8.615851692e+01 -3.759314831e+02 -3.759314831e+02 +1.6840e+00 -2.8904e-01 +6.5236e-01 +2.6500e+00 +1.3472e+00
16 0 +8.150553577e+01 -3.805844642e+02 -3.805844642e+02 -2.1862e+00 -2.0641e+00 +1.6192e+00 +5.7032e-01 +2.8390e+00
140 0 +8.150553577e+01 -3.805844642e+02 -3.805844642e+02 -2.1862e+00 -2.0641e+00 +1.6192e+00 +5.7032e-01 +2.8390e+00
% f evaluations | g evaluations | best noise-free fitness - Fopt (7.766000000000e+01) + sum g_i+ | measured fitness | best measured fitness or single-digit g-values | x1 | x2...
1 0 +2.585583012e+02 +3.362183012e+02 +3.362183012e+02 +2.7396e+00 -6.1122e-01 +3.5860e+00 +1.9737e+00 -4.0582e+00
3 0 +1.947552253e+02 +2.724152253e+02 +2.724152253e+02 -1.2920e+00 +4.2676e+00 +1.4387e+00 +3.2276e+00 -5.6586e-01
10 0 +9.115821869e+01 +1.688182187e+02 +1.688182187e+02 +3.0476e+00 -1.1252e+00 -2.1167e+00 +1.8250e+00 -3.6025e+00
23 0 +8.803445036e+01 +1.656944504e+02 +1.656944504e+02 -4.4224e-01 -2.9764e+00 -1.9404e+00 +7.9220e-01 -3.2323e+00
38 0 +7.723649642e+01 +1.548964964e+02 +1.548964964e+02 +1.6166e+00 -1.2634e+00 -4.0553e+00 +2.4679e+00 -2.3754e+00
100 0 +6.295845449e+01 +1.406184545e+02 +1.406184545e+02 +3.0038e+00 -2.0921e+00 -5.1175e-01 +1.8250e+00 -1.7461e+00
275 0 +5.540809629e+01 +1.330680963e+02 +1.330680963e+02 +1.5591e+00 +6.2826e-01 -1.9712e+00 +3.8645e+00 -9.6514e-01
368 0 +4.748020059e+01 +1.251402006e+02 +1.251402006e+02 +2.3393e+00 -2.9764e+00 -1.9404e+00 +3.1835e+00 -3.2323e+00
543 0 +3.238775203e+01 +1.100477520e+02 +1.100477520e+02 +3.4883e+00 -3.1272e+00 -1.3083e+00 +2.4945e+00 -3.0937e+00
922 0 +2.865220265e+01 +1.063122027e+02 +1.063122027e+02 +6.9286e-01 -3.2087e+00 -1.9726e+00 +4.2350e+00 -2.4600e+00
1294 0 +2.402944273e+01 +1.016894427e+02 +1.016894427e+02 +2.5493e-01 -2.1877e-01 -5.9680e-01 +3.7377e+00 -2.4556e+00
1347 0 +2.164318452e+01 +9.930318452e+01 +9.930318452e+01 +2.5326e+00 -3.5218e-01 -1.2159e+00 +3.3211e+00 -2.1019e+00
1682 0 +1.112446934e+01 +8.878446934e+01 +8.878446934e+01 +1.3882e+00 -7.9457e-01 -1.2499e+00 +2.8850e+00 -1.7426e+00
2085 0 +1.084657106e+01 +8.850657106e+01 +8.850657106e+01 +4.5831e-01 -8.4711e-01 -7.3459e-01 +3.3453e+00 -3.1789e+00
2229 0 +9.585768260e+00 +8.724576826e+01 +8.724576826e+01 +1.3216e+00 +7.0841e-01 -1.2396e+00 +3.3330e+00 -2.7605e+00
2431 0 +6.944080374e+00 +8.460408037e+01 +8.460408037e+01 +2.3757e+00 +7.0273e-01 -6.9691e-01 +3.2989e+00 -2.4747e+00
3309 0 +5.190944105e+00 +8.285094410e+01 +8.285094410e+01 +2.3128e+00 -8.0678e-01 -1.8821e+00 +3.2956e+00 -2.0872e+00
5293 0 +4.680029763e+00 +8.234002976e+01 +8.234002976e+01 +2.3831e+00 -8.3992e-01 -2.0393e-01 +3.3114e+00 -2.4706e+00
5301 0 +4.663752131e+00 +8.232375213e+01 +8.232375213e+01 +2.3845e+00 -8.2002e-01 -2.1301e-01 +3.3100e+00 -2.4706e+00
5303 0 +4.521564973e+00 +8.218156497e+01 +8.218156497e+01 +2.3788e+00 -8.4285e-01 -2.1333e-01 +3.3068e+00 -2.4709e+00
5306 0 +4.439588845e+00 +8.209958884e+01 +8.209958884e+01 +2.3792e+00 -8.2257e-01 -2.1519e-01 +3.3180e+00 -2.4679e+00
5313 0 +4.276108760e+00 +8.193610876e+01 +8.193610876e+01 +2.3905e+00 -8.4251e-01 -2.1507e-01 +3.3093e+00 -2.4635e+00
5314 0 +4.257995366e+00 +8.191799537e+01 +8.191799537e+01 +2.3935e+00 -8.5375e-01 -2.1610e-01 +3.3089e+00 -2.4599e+00
5319 0 +4.132141843e+00 +8.179214184e+01 +8.179214184e+01 +2.3793e+00 -8.5010e-01 -2.1210e-01 +3.3208e+00 -2.4597e+00
5328 0 +4.028132400e+00 +8.168813240e+01 +8.168813240e+01 +2.3879e+00 -8.4821e-01 -2.1544e-01 +3.3227e+00 -2.4658e+00
5387 0 +3.980906242e+00 +8.164090624e+01 +8.164090624e+01 +2.3994e+00 -8.5525e-01 -2.1512e-01 +3.3225e+00 -2.4643e+00
7232 0 +1.622058960e+00 +7.928205896e+01 +7.928205896e+01 +2.4442e+00 -1.7147e-02 -1.2677e+00 +3.3343e+00 -2.4609e+00
9122 0 +1.239878584e+00 +7.889987858e+01 +7.889987858e+01 +2.3778e+00 -1.7147e-02 -1.2677e+00 +3.3343e+00 -2.4609e+00
15796 0 +5.964801390e-01 +7.825648014e+01 +7.825648014e+01 +2.3887e+00 -8.5748e-01 -1.2400e+00 +3.3278e+00 -2.4590e+00
15805 0 +5.674054613e-01 +7.822740546e+01 +7.822740546e+01 +2.3881e+00 -8.5379e-01 -1.2390e+00 +3.3194e+00 -2.4654e+00
15855 0 +4.843134424e-01 +7.814431344e+01 +7.814431344e+01 +2.3926e+00 -8.6510e-01 -1.2479e+00 +3.3175e+00 -2.4584e+00
15879 0 +2.900704796e-01 +7.795007048e+01 +7.795007048e+01 +2.3930e+00 -8.5731e-01 -1.2545e+00 +3.3146e+00 -2.4580e+00
16142 0 +9.118213397e-02 +7.775118213e+01 +7.775118213e+01 +2.3866e+00 -8.5359e-01 -1.2640e+00 +3.3277e+00 -2.4635e+00
16644 0 +5.912095390e-02 +7.771912095e+01 +7.771912095e+01 +2.4039e+00 -8.6290e-01 -1.2773e+00 +3.3205e+00 -2.4616e+00
16647 0 +5.848875647e-02 +7.771848876e+01 +7.771848876e+01 +2.4054e+00 -8.5184e-01 -1.2649e+00 +3.3225e+00 -2.4610e+00
16651 0 +3.723015179e-02 +7.769723015e+01 +7.769723015e+01 +2.4073e+00 -8.5208e-01 -1.2753e+00 +3.3218e+00 -2.4657e+00
16653 0 +3.320570919e-02 +7.769320571e+01 +7.769320571e+01 +2.4036e+00 -8.5626e-01 -1.2679e+00 +3.3211e+00 -2.4665e+00
16655 0 +1.441156778e-02 +7.767441157e+01 +7.767441157e+01 +2.3966e+00 -8.5510e-01 -1.2681e+00 +3.3251e+00 -2.4637e+00
16663 0 +1.244556469e-02 +7.767244556e+01 +7.767244556e+01 +2.4053e+00 -8.5423e-01 -1.2728e+00 +3.3224e+00 -2.4648e+00
16666 0 +1.132521923e-02 +7.767132522e+01 +7.767132522e+01 +2.3978e+00 -8.5331e-01 -1.2690e+00 +3.3222e+00 -2.4625e+00
16668 0 +3.657247166e-03 +7.766365725e+01 +7.766365725e+01 +2.3984e+00 -8.5697e-01 -1.2743e+00 +3.3236e+00 -2.4637e+00
16673 0 +3.355230352e-03 +7.766335523e+01 +7.766335523e+01 +2.3990e+00 -8.5528e-01 -1.2702e+00 +3.3240e+00 -2.4635e+00
16680 0 +1.199950169e-03 +7.766119995e+01 +7.766119995e+01 +2.3987e+00 -8.5529e-01 -1.2712e+00 +3.3224e+00 -2.4642e+00
16683 0 +1.156334962e-03 +7.766115633e+01 +7.766115633e+01 +2.4002e+00 -8.5502e-01 -1.2717e+00 +3.3229e+00 -2.4640e+00
16685 0 +1.056800216e-03 +7.766105680e+01 +7.766105680e+01 +2.3978e+00 -8.5463e-01 -1.2712e+00 +3.3233e+00 -2.4640e+00
16687 0 +4.166177323e-04 +7.766041662e+01 +7.766041662e+01 +2.3986e+00 -8.5596e-01 -1.2726e+00 +3.3233e+00 -2.4637e+00
16692 0 +3.584588297e-04 +7.766035846e+01 +7.766035846e+01 +2.3989e+00 -8.5559e-01 -1.2721e+00 +3.3234e+00 -2.4643e+00
16700 0 +2.027929553e-04 +7.766020279e+01 +7.766020279e+01 +2.3980e+00 -8.5568e-01 -1.2719e+00 +3.3235e+00 -2.4639e+00
16702 0 +1.215863346e-04 +7.766012159e+01 +7.766012159e+01 +2.3981e+00 -8.5570e-01 -1.2720e+00 +3.3230e+00 -2.4641e+00
16705 0 +7.889038206e-05 +7.766007889e+01 +7.766007889e+01 +2.3989e+00 -8.5606e-01 -1.2719e+00 +3.3231e+00 -2.4639e+00
16712 0 +7.464195565e-05 +7.766007464e+01 +7.766007464e+01 +2.3983e+00 -8.5573e-01 -1.2718e+00 +3.3232e+00 -2.4639e+00
16714 0 +5.378994993e-05 +7.766005379e+01 +7.766005379e+01 +2.3982e+00 -8.5578e-01 -1.2720e+00 +3.3233e+00 -2.4639e+00
16716 0 +3.598291207e-05 +7.766003598e+01 +7.766003598e+01 +2.3984e+00 -8.5588e-01 -1.2722e+00 +3.3233e+00 -2.4639e+00
16718 0 +2.744887078e-05 +7.766002745e+01 +7.766002745e+01 +2.3982e+00 -8.5580e-01 -1.2720e+00 +3.3231e+00 -2.4640e+00
16722 0 +2.171245526e-05 +7.766002171e+01 +7.766002171e+01 +2.3986e+00 -8.5594e-01 -1.2720e+00 +3.3232e+00 -2.4639e+00
16727 0 +1.884112963e-05 +7.766001884e+01 +7.766001884e+01 +2.3984e+00 -8.5595e-01 -1.2721e+00 +3.3232e+00 -2.4640e+00
16728 0 +1.475701664e-05 +7.766001476e+01 +7.766001476e+01 +2.3983e+00 -8.5592e-01 -1.2719e+00 +3.3232e+00 -2.4640e+00
16732 0 +1.034683068e-05 +7.766001035e+01 +7.766001035e+01 +2.3985e+00 -8.5595e-01 -1.2720e+00 +3.3232e+00 -2.4639e+00
16736 0 +4.570675372e-06 +7.766000457e+01 +7.766000457e+01 +2.3984e+00 -8.5593e-01 -1.2721e+00 +3.3232e+00 -2.4640e+00
16739 0 +2.617999911e-06 +7.766000262e+01 +7.766000262e+01 +2.3985e+00 -8.5597e-01 -1.2720e+00 +3.3232e+00 -2.4640e+00
16750 0 +2.218050170e-06 +7.766000222e+01 +7.766000222e+01 +2.3984e+00 -8.5595e-01 -1.2720e+00 +3.3232e+00 -2.4640e+00
16753 0 +1.930483535e-06 +7.766000193e+01 +7.766000193e+01 +2.3984e+00 -8.5594e-01 -1.2720e+00 +3.3232e+00 -2.4640e+00
16756 0 +1.654265589e-06 +7.766000165e+01 +7.766000165e+01 +2.3984e+00 -8.5597e-01 -1.2720e+00 +3.3232e+00 -2.4640e+00
16758 0 +1.423347555e-06 +7.766000142e+01 +7.766000142e+01 +2.3984e+00 -8.5594e-01 -1.2720e+00 +3.3232e+00 -2.4640e+00
16760 0 +1.410294118e-06 +7.766000141e+01 +7.766000141e+01 +2.3984e+00 -8.5596e-01 -1.2720e+00 +3.3232e+00 -2.4640e+00
16765 0 +1.129494237e-06 +7.766000113e+01 +7.766000113e+01 +2.3984e+00 -8.5597e-01 -1.2720e+00 +3.3232e+00 -2.4640e+00
16768 0 +1.013512232e-06 +7.766000101e+01 +7.766000101e+01 +2.3984e+00 -8.5596e-01 -1.2720e+00 +3.3232e+00 -2.4640e+00
16775 0 +8.612518201e-07 +7.766000086e+01 +7.766000086e+01 +2.3984e+00 -8.5597e-01 -1.2720e+00 +3.3232e+00 -2.4640e+00
16777 0 +8.098778039e-07 +7.766000081e+01 +7.766000081e+01 +2.3984e+00 -8.5596e-01 -1.2720e+00 +3.3232e+00 -2.4640e+00
16779 0 +6.767554197e-07 +7.766000068e+01 +7.766000068e+01 +2.3984e+00 -8.5597e-01 -1.2720e+00 +3.3232e+00 -2.4640e+00
16785 0 +6.346010224e-07 +7.766000063e+01 +7.766000063e+01 +2.3984e+00 -8.5597e-01 -1.2720e+00 +3.3232e+00 -2.4640e+00
16791 0 +6.279634732e-07 +7.766000063e+01 +7.766000063e+01 +2.3984e+00 -8.5597e-01 -1.2720e+00 +3.3232e+00 -2.4640e+00
16793 0 +4.584808408e-07 +7.766000046e+01 +7.766000046e+01 +2.3984e+00 -8.5598e-01 -1.2720e+00 +3.3232e+00 -2.4640e+00
16794 0 +4.169245500e-07 +7.766000042e+01 +7.766000042e+01 +2.3984e+00 -8.5598e-01 -1.2720e+00 +3.3232e+00 -2.4640e+00
16799 0 +3.944663831e-07 +7.766000039e+01 +7.766000039e+01 +2.3984e+00 -8.5599e-01 -1.2720e+00 +3.3232e+00 -2.4640e+00
16803 0 +3.496634804e-07 +7.766000035e+01 +7.766000035e+01 +2.3984e+00 -8.5599e-01 -1.2720e+00 +3.3232e+00 -2.4640e+00
16805 0 +3.224385807e-07 +7.766000032e+01 +7.766000032e+01 +2.3984e+00 -8.5598e-01 -1.2720e+00 +3.3232e+00 -2.4640e+00
16807 0 +2.846231837e-07 +7.766000028e+01 +7.766000028e+01 +2.3984e+00 -8.5599e-01 -1.2720e+00 +3.3232e+00 -2.4640e+00
16810 0 +2.229830187e-07 +7.766000022e+01 +7.766000022e+01 +2.3984e+00 -8.5599e-01 -1.2720e+00 +3.3232e+00 -2.4640e+00
16815 0 +1.989695875e-07 +7.766000020e+01 +7.766000020e+01 +2.3984e+00 -8.5599e-01 -1.2720e+00 +3.3232e+00 -2.4640e+00
16819 0 +1.428378340e-07 +7.766000014e+01 +7.766000014e+01 +2.3984e+00 -8.5599e-01 -1.2720e+00 +3.3232e+00 -2.4640e+00
16825 0 +8.198101398e-08 +7.766000008e+01 +7.766000008e+01 +2.3984e+00 -8.5599e-01 -1.2720e+00 +3.3232e+00 -2.4640e+00
16826 0 +4.721142943e-08 +7.766000005e+01 +7.766000005e+01 +2.3984e+00 -8.5599e-01 -1.2720e+00 +3.3232e+00 -2.4640e+00
16832 0 +4.177232427e-08 +7.766000004e+01 +7.766000004e+01 +2.3984e+00 -8.5600e-01 -1.2720e+00 +3.3232e+00 -2.4640e+00
16834 0 +1.757652512e-08 +7.766000002e+01 +7.766000002e+01 +2.3984e+00 -8.5600e-01 -1.2720e+00 +3.3232e+00 -2.4640e+00
16841 0 +1.102034730e-08 +7.766000001e+01 +7.766000001e+01 +2.3984e+00 -8.5600e-01 -1.2720e+00 +3.3232e+00 -2.4640e+00
16848 0 +5.820396609e-09 +7.766000001e+01 +7.766000001e+01 +2.3984e+00 -8.5600e-01 -1.2720e+00 +3.3232e+00 -2.4640e+00
16928 0 +9.237055565e-13 +7.766000000e+01 +7.766000000e+01 +2.3984e+00 -8.5600e-01 -1.2720e+00 +3.3232e+00 -2.4640e+00
20000 0 +1.421085472e-14 +7.766000000e+01 +7.766000000e+01 +2.3984e+00 -8.5600e-01 -1.2720e+00 +3.3232e+00 -2.4640e+00
% f evaluations | g evaluations | best noise-free fitness - Fopt (1.156800000000e+02) + sum g_i+ | measured fitness | best measured fitness or single-digit g-values | x1 | x2...
1 0 +1.398993792e+02 +2.555793792e+02 +2.555793792e+02 +2.7396e+00 -6.1122e-01 +3.5860e+00 +1.9737e+00 -4.0582e+00
10 0 +7.678535200e+01 +1.924653520e+02 +1.924653520e+02 +3.0476e+00 -1.1252e+00 -2.1167e+00 +1.8250e+00 -3.6025e+00
135 0 +4.713026523e+01 +1.628102652e+02 +1.628102652e+02 -1.9905e+00 -1.1416e-01 -2.2367e+00 +4.0159e+00 -3.5426e+00
451 0 +3.723651379e+01 +1.529165138e+02 +1.529165138e+02 -1.9905e+00 -1.1416e-01 -1.9726e-02 +4.0159e+00 -3.5426e+00
634 0 +3.107227312e+01 +1.467522731e+02 +1.467522731e+02 -3.0250e+00 -1.6050e+00 +8.9581e-01 +2.7470e+00 -3.6217e+00
895 0 +1.973874739e+01 +1.354187474e+02 +1.354187474e+02 -3.2903e+00 -1.1416e-01 +8.7686e-01 +4.0159e+00 -3.2695e+00
1846 0 +1.412305628e+01 +1.298030563e+02 +1.298030563e+02 -3.3324e+00 -2.0568e-01 -3.4099e-01 +3.0483e+00 -3.5994e+00
1927 0 +1.309114131e+01 +1.287711413e+02 +1.287711413e+02 -1.2189e+00 -1.6936e+00 +7.5144e-01 +3.0725e+00 -3.5609e+00
2332 0 +1.240145606e+01 +1.280814561e+02 +1.280814561e+02 -2.0658e+00 +4.2804e-01 -2.9660e-01 +2.6386e+00 -3.6245e+00
2341 0 +7.363498721e+00 +1.230434987e+02 +1.230434987e+02 -3.1585e+00 +6.1049e-01 +2.7916e-01 +3.5529e+00 -3.5864e+00
3831 0 +5.935106410e+00 +1.216151064e+02 +1.216151064e+02 -1.1753e+00 -1.8451e+00 +2.8729e-01 +3.5531e+00 -3.5911e+00
4051 0 +3.693737247e+00 +1.193737372e+02 +1.193737372e+02 -2.2045e+00 -1.0362e+00 +2.1426e-01 +3.1164e+00 -3.2612e+00
6414 0 +3.385127742e+00 +1.190651277e+02 +1.190651277e+02 -2.1091e+00 -1.7581e-01 +2.5302e-01 +3.0895e+00 -3.5716e+00
6904 0 +3.171756217e+00 +1.188517562e+02 +1.188517562e+02 -2.2328e+00 -1.7581e-01 +2.5302e-01 +3.0895e+00 -3.5716e+00
6977 0 +1.672055285e+00 +1.173520553e+02 +1.173520553e+02 -2.1805e+00 -9.7355e-01 +2.4493e-01 +3.0725e+00 -3.9032e+00
7452 0 +1.118417891e+00 +1.167984179e+02 +1.167984179e+02 -2.1905e+00 -9.7601e-01 +2.7212e-01 +3.1034e+00 -3.5883e+00
7512 0 +1.054802563e+00 +1.167348026e+02 +1.167348026e+02 -2.1905e+00 -9.7601e-01 +2.7212e-01 +3.1008e+00 -3.5883e+00
8923 0 +1.028912240e+00 +1.167089122e+02 +1.167089122e+02 -2.1811e+00 -9.8233e-01 +2.4589e-01 +2.6776e+00 -3.6075e+00
8944 0 +1.005434749e+00 +1.166854347e+02 +1.166854347e+02 -2.1813e+00 -9.8280e-01 +2.4682e-01 +2.6798e+00 -3.6057e+00
8967 0 +9.963973032e-01 +1.166763973e+02 +1.166763973e+02 -2.1798e+00 -9.8264e-01 +2.4454e-01 +2.6824e+00 -3.6053e+00
9352 0 +6.909639485e-01 +1.163709639e+02 +1.163709639e+02 -2.1557e+00 -9.7601e-01 +2.4961e-01 +3.1008e+00 -3.5883e+00
10857 0 +3.472809942e-01 +1.160272810e+02 +1.160272810e+02 -2.1668e+00 -9.8637e-01 +2.2971e-01 +3.0979e+00 -3.6116e+00
11398 0 +3.048556684e-01 +1.159848557e+02 +1.159848557e+02 -2.1431e+00 -9.6948e-01 +2.4406e-01 +3.0837e+00 -3.6038e+00
12073 0 +2.117338760e-01 +1.158917339e+02 +1.158917339e+02 -2.1884e+00 -9.8814e-01 +2.2982e-01 +3.0950e+00 -3.6033e+00
12181 0 +1.562423928e-01 +1.158362424e+02 +1.158362424e+02 -2.1670e+00 -9.9822e-01 +2.4538e-01 +3.0847e+00 -3.6011e+00
12538 0 +1.349883581e-01 +1.158149884e+02 +1.158149884e+02 -2.1576e+00 -9.8786e-01 +2.4128e-01 +3.0946e+00 -3.6038e+00
12688 0 +6.180139616e-02 +1.157418014e+02 +1.157418014e+02 -2.1809e+00 -9.8047e-01 +2.3691e-01 +3.0914e+00 -3.6078e+00
12805 0 +4.982436854e-02 +1.157298244e+02 +1.157298244e+02 -2.1794e+00 -9.9059e-01 +2.4345e-01 +3.0840e+00 -3.6039e+00
12953 0 +3.418699300e-02 +1.157141870e+02 +1.157141870e+02 -2.1784e+00 -9.8809e-01 +2.4692e-01 +3.0849e+00 -3.6040e+00
13038 0 +3.000628048e-02 +1.157100063e+02 +1.157100063e+02 -2.1710e+00 -9.7902e-01 +2.4629e-01 +3.0888e+00 -3.6073e+00
13060 0 +8.122028448e-03 +1.156881220e+02 +1.156881220e+02 -2.1753e+00 -9.8503e-01 +2.4285e-01 +3.0896e+00 -3.6059e+00
13130 0 +7.471338060e-03 +1.156874713e+02 +1.156874713e+02 -2.1792e+00 -9.8467e-01 +2.4421e-01 +3.0866e+00 -3.6039e+00
13336 0 +6.459696419e-03 +1.156864597e+02 +1.156864597e+02 -2.1761e+00 -9.8266e-01 +2.4294e-01 +3.0898e+00 -3.6058e+00
13407 0 +4.819242899e-03 +1.156848192e+02 +1.156848192e+02 -2.1776e+00 -9.8315e-01 +2.4227e-01 +3.0879e+00 -3.6046e+00
13508 0 +4.727510222e-03 +1.156847275e+02 +1.156847275e+02 -2.1815e+00 -9.8362e-01 +2.4315e-01 +3.0881e+00 -3.6052e+00
13518 0 +2.971568541e-03 +1.156829716e+02 +1.156829716e+02 -2.1783e+00 -9.8432e-01 +2.4435e-01 +3.0902e+00 -3.6042e+00
13553 0 +1.717542485e-03 +1.156817175e+02 +1.156817175e+02 -2.1790e+00 -9.8312e-01 +2.4346e-01 +3.0891e+00 -3.6044e+00
13645 0 +1.542124049e-03 +1.156815421e+02 +1.156815421e+02 -2.1782e+00 -9.8232e-01 +2.4404e-01 +3.0897e+00 -3.6047e+00
13651 0 +7.741291876e-04 +1.156807741e+02 +1.156807741e+02 -2.1787e+00 -9.8446e-01 +2.4493e-01 +3.0891e+00 -3.6046e+00
13754 0 +3.249879645e-04 +1.156803250e+02 +1.156803250e+02 -2.1785e+00 -9.8358e-01 +2.4456e-01 +3.0885e+00 -3.6045e+00
13822 0 +2.112300649e-04 +1.156802112e+02 +1.156802112e+02 -2.1786e+00 -9.8316e-01 +2.4438e-01 +3.0887e+00 -3.6050e+00
13890 0 +1.302155671e-04 +1.156801302e+02 +1.156801302e+02 -2.1781e+00 -9.8351e-01 +2.4463e-01 +3.0889e+00 -3.6046e+00
13913 0 +9.930148327e-05 +1.156800993e+02 +1.156800993e+02 -2.1781e+00 -9.8312e-01 +2.4502e-01 +3.0886e+00 -3.6047e+00
13960 0 +8.727372808e-05 +1.156800873e+02 +1.156800873e+02 -2.1779e+00 -9.8325e-01 +2.4493e-01 +3.0888e+00 -3.6047e+00
13984 0 +6.666192662e-05 +1.156800667e+02 +1.156800667e+02 -2.1785e+00 -9.8311e-01 +2.4476e-01 +3.0886e+00 -3.6049e+00
14004 0 +3.041597731e-05 +1.156800304e+02 +1.156800304e+02 -2.1784e+00 -9.8326e-01 +2.4466e-01 +3.0888e+00 -3.6049e+00
14030 0 +2.953070795e-05 +1.156800295e+02 +1.156800295e+02 -2.1787e+00 -9.8309e-01 +2.4485e-01 +3.0887e+00 -3.6048e+00
14088 0 +1.194213937e-05 +1.156800119e+02 +1.156800119e+02 -2.1784e+00 -9.8325e-01 +2.4467e-01 +3.0888e+00 -3.6048e+00
14153 0 +7.893423302e-06 +1.156800079e+02 +1.156800079e+02 -2.1784e+00 -9.8319e-01 +2.4469e-01 +3.0888e+00 -3.6048e+00
14239 0 +5.915412970e-06 +1.156800059e+02 +1.156800059e+02 -2.1784e+00 -9.8315e-01 +2.4482e-01 +3.0889e+00 -3.6048e+00
14240 0 +4.098398833e-06 +1.156800041e+02 +1.156800041e+02 -2.1783e+00 -9.8322e-01 +2.4482e-01 +3.0888e+00 -3.6048e+00
14342 0 +3.016000775e-06 +1.156800030e+02 +1.156800030e+02 -2.1784e+00 -9.8318e-01 +2.4476e-01 +3.0888e+00 -3.6048e+00
14394 0 +2.551649715e-06 +1.156800026e+02 +1.156800026e+02 -2.1784e+00 -9.8317e-01 +2.4482e-01 +3.0888e+00 -3.6048e+00
14395 0 +1.266791102e-06 +1.156800013e+02 +1.156800013e+02 -2.1784e+00 -9.8319e-01 +2.4478e-01 +3.0888e+00 -3.6048e+00
14511 0 +8.316023354e-07 +1.156800008e+02 +1.156800008e+02 -2.1784e+00 -9.8319e-01 +2.4480e-01 +3.0888e+00 -3.6048e+00
14541 0 +7.665205572e-07 +1.156800008e+02 +1.156800008e+02 -2.1784e+00 -9.8321e-01 +2.4480e-01 +3.0888e+00 -3.6048e+00
14560 0 +4.454938534e-07 +1.156800004e+02 +1.156800004e+02 -2.1784e+00 -9.8321e-01 +2.4479e-01 +3.0888e+00 -3.6048e+00
14612 0 +2.714003955e-07 +1.156800003e+02 +1.156800003e+02 -2.1784e+00 -9.8318e-01 +2.4481e-01 +3.0888e+00 -3.6048e+00
14666 0 +2.560535108e-07 +1.156800003e+02 +1.156800003e+02 -2.1784e+00 -9.8319e-01 +2.4480e-01 +3.0888e+00 -3.6048e+00
14674 0 +2.165056685e-07 +1.156800002e+02 +1.156800002e+02 -2.1784e+00 -9.8321e-01 +2.4479e-01 +3.0888e+00 -3.6048e+00
14695 0 +1.285016964e-07 +1.156800001e+02 +1.156800001e+02 -2.1784e+00 -9.8319e-01 +2.4480e-01 +3.0888e+00 -3.6048e+00
14767 0 +9.851055438e-08 +1.156800001e+02 +1.156800001e+02 -2.1784e+00 -9.8320e-01 +2.4480e-01 +3.0888e+00 -3.6048e+00
14784 0 +8.381822170e-08 +1.156800001e+02 +1.156800001e+02 -2.1784e+00 -9.8320e-01 +2.4480e-01 +3.0888e+00 -3.6048e+00
14817 0 +3.248197800e-08 +1.156800000e+02 +1.156800000e+02 -2.1784e+00 -9.8320e-01 +2.4480e-01 +3.0888e+00 -3.6048e+00
15030 0 +2.124447462e-08 +1.156800000e+02 +1.156800000e+02 -2.1784e+00 -9.8320e-01 +2.4481e-01 +3.0888e+00 -3.6048e+00
15038 0 +7.965795135e-09 +1.156800000e+02 +1.156800000e+02 -2.1784e+00 -9.8320e-01 +2.4480e-01 +3.0888e+00 -3.6048e+00
15121 0 +9.521272659e-13 +1.156800000e+02 +1.156800000e+02 -2.1784e+00 -9.8320e-01 +2.4480e-01 +3.0888e+00 -3.6048e+00
15162 0 +0.000000000e+00 +1.156800000e+02 +1.156800000e+02 -2.1784e+00 -9.8320e-01 +2.4480e-01 +3.0888e+00 -3.6048e+00
20000 0 +0.000000000e+00 +1.156800000e+02 +1.156800000e+02 -2.1784e+00 -9.8320e-01 +2.4480e-01 +3.0888e+00 -3.6048e+00
% f evaluations | g evaluations | best noise-free fitness - Fopt (-3.710000000000e+00) + sum g_i+ | measured fitness | best measured fitness or single-digit g-values | x1 | x2...
1 0 +5.627393652e+02 +5.590293652e+02 +5.590293652e+02 +2.7396e+00 -6.1122e-01 +3.5860e+00 +1.9737e+00 -4.0582e+00
2 0 +5.597773169e+02 +5.560673169e+02 +5.560673169e+02 +4.7562e+00 +2.6114e+00 +2.8606e+00 -3.7189e+00 -4.9614e-01
3 0 +3.765291015e+02 +3.728191015e+02 +3.728191015e+02 -1.2920e+00 +4.2676e+00 +1.4387e+00 +3.2276e+00 -5.6586e-01
4 0 +2.495903475e+02 +2.458803475e+02 +2.458803475e+02 -2.7276e+00 +5.4585e-01 -4.3618e+00 +3.2763e+00 +1.3166e+00
5 0 +7.478003807e+01 +7.107003807e+01 +7.107003807e+01 +2.5809e+00 -1.4547e+00 +4.7070e+00 +3.9312e+00 +2.7838e+00
183 0 +6.643454032e+01 +6.272454032e+01 +6.272454032e+01 +3.9106e+00 -1.0113e+00 +4.5262e-02 +2.8793e+00 +3.5113e+00
271 0 +4.536686945e+01 +4.165686945e+01 +4.165686945e+01 +3.7932e+00 -8.2917e-01 +5.9137e-01 +3.3744e+00 +3.5164e+00
451 0 +2.344518454e+01 +1.973518454e+01 +1.973518454e+01 -8.9153e-01 -1.4133e+00 +1.7727e+00 +3.0304e+00 +3.5272e+00
1015 0 +2.013493593e+01 +1.642493593e+01 +1.642493593e+01 +2.1699e+00 -7.6211e-01 +6.2838e-01 +3.0412e+00 +3.1492e+00
1507 0 +1.993800875e+01 +1.622800875e+01 +1.622800875e+01 +2.9124e+00 -3.7384e+00 +1.7824e+00 +4.4164e+00 +3.4900e+00
1835 0 +1.877913005e+01 +1.506913005e+01 +1.506913005e+01 +1.4651e+00 -1.3974e+00 +1.2250e+00 +3.8699e+00 +3.1706e+00
1847 0 +1.453802338e+01 +1.082802338e+01 +1.082802338e+01 +2.1379e+00 -9.3733e-01 +2.3965e+00 +3.9708e+00 +3.1644e+00
1918 0 +1.225511277e+01 +8.545112774e+00 +8.545112774e+00 +4.1300e+00 -2.2913e+00 +1.2250e+00 +2.9744e+00 +3.1706e+00
1934 0 +8.817196310e+00 +5.107196310e+00 +5.107196310e+00 +2.2260e+00 -2.3896e+00 +1.7578e+00 +3.9156e+00 +3.1287e+00
3289 0 +8.487961229e+00 +4.777961229e+00 +4.777961229e+00 +2.1379e+00 -1.4154e+00 +2.3965e+00 +3.8979e+00 +3.1644e+00
3667 0 +7.797681697e+00 +4.087681697e+00 +4.087681697e+00 +3.0657e+00 -2.3896e+00 +1.7578e+00 +3.4532e+00 +3.1287e+00
4336 0 +7.280183886e+00 +3.570183886e+00 +3.570183886e+00 +1.1628e+00 -1.5596e+00 +1.8090e+00 +3.9479e+00 +3.1479e+00
4804 0 +3.922995955e+00 +2.129959547e-01 +2.129959547e-01 +3.0497e+00 -1.4797e+00 +1.8092e+00 +3.9409e+00 +3.1324e+00
5395 0 +3.630222035e+00 -7.977796490e-02 -7.977796490e-02 +3.0497e+00 -1.4797e+00 +1.7687e+00 +3.9409e+00 +3.1324e+00
% f evaluations | g evaluations | best noise-free fitness - Fopt (1.321800000000e+02) + sum g_i+ | measured fitness | best measured fitness or single-digit g-values | x1 | x2...
1 0 +3.201189279e+02 +4.522989279e+02 +4.522989279e+02 +2.7396e+00 -6.1122e-01 +3.5860e+00 +1.9737e+00 -4.0582e+00
2 0 +2.171382022e+02 +3.493182022e+02 +3.493182022e+02 +4.7562e+00 +2.6114e+00 +2.8606e+00 -3.7189e+00 -4.9614e-01
12 0 +1.654902116e+02 +2.976702116e+02 +2.976702116e+02 +2.8073e+00 -4.1084e-01 +6.8741e-01 -3.6020e+00 -3.8547e+00
15 0 +8.854225849e+01 +2.207222585e+02 +2.207222585e+02 -2.8542e+00 -9.1471e-01 +3.5340e+00 -2.6606e+00 -4.4170e+00
40 0 +8.489919112e+01 +2.170791911e+02 +2.170791911e+02 -3.2073e+00 +9.9383e-01 +3.7456e+00 -3.0357e+00 -1.8968e+00
105 0 +5.552419123e+01 +1.877041912e+02 +1.877041912e+02 -2.8542e+00 -9.1471e-01 +3.5340e+00 -1.7194e+00 -3.6819e+00
455 0 +5.219789235e+01 +1.843778924e+02 +1.843778924e+02 -3.0495e+00 -9.7790e-01 +2.8838e+00 -2.3295e+00 -1.3967e+00
458 0 +3.687706394e+01 +1.690570639e+02 +1.690570639e+02 -1.6060e+00 +6.9137e-01 +2.8433e+00 -2.8546e+00 -3.6790e+00
630 0 +2.885334562e+01 +1.610333456e+02 +1.610333456e+02 -2.7497e+00 +1.5788e+00 +2.8901e+00 -2.0827e+00 -3.4759e+00
716 0 +1.821108649e+01 +1.503910865e+02 +1.503910865e+02 -2.7077e+00 +1.6338e+00 +3.4291e+00 -2.3491e+00 -3.1354e+00
1255 0 +1.587316928e+01 +1.480531693e+02 +1.480531693e+02 -1.6768e+00 +1.4202e+00 +3.9861e+00 -1.0466e+00 -2.8037e+00
1633 0 +1.357440986e+01 +1.457544099e+02 +1.457544099e+02 -4.6655e+00 +1.4112e+00 +3.4105e+00 -2.4121e+00 -2.8365e+00
1712 0 +1.268075192e+01 +1.448607519e+02 +1.448607519e+02 -4.7775e+00 +2.3194e+00 +3.4019e+00 -1.9264e+00 -2.7468e+00
2764 0 +1.141791399e+01 +1.435979140e+02 +1.435979140e+02 -3.6858e+00 +1.5207e+00 +3.4124e+00 -2.0221e+00 -2.0615e+00
2972 0 +7.950699149e+00 +1.401306991e+02 +1.401306991e+02 -3.8498e+00 +2.1856e+00 +3.4280e+00 -1.9953e+00 -2.5293e+00
4290 0 +7.785169996e+00 +1.399651700e+02 +1.399651700e+02 -3.7632e+00 +2.2310e+00 +2.8587e+00 -1.9692e+00 -3.2064e+00
4339 0 +7.307946001e+00 +1.394879460e+02 +1.394879460e+02 -3.6927e+00 +1.5207e+00 +3.4124e+00 -2.0221e+00 -2.1099e+00
4698 0 +5.274925524e+00 +1.374549255e+02 +1.374549255e+02 -2.7465e+00 +1.4546e+00 +2.8864e+00 -2.4033e+00 -2.5116e+00
4908 0 +4.903388957e+00 +1.370833890e+02 +1.370833890e+02 -2.7465e+00 +1.4634e+00 +2.8864e+00 -2.3987e+00 -2.5116e+00
5122 0 +3.761184664e+00 +1.359411847e+02 +1.359411847e+02 -3.8568e+00 +2.1738e+00 +3.4710e+00 -1.9784e+00 -2.4879e+00
5803 0 +3.411323543e+00 +1.355913235e+02 +1.355913235e+02 -3.8291e+00 +1.4934e+00 +3.4488e+00 -1.4836e+00 -2.7941e+00
5951 0 +3.319496886e+00 +1.354994969e+02 +1.354994969e+02 -2.7938e+00 +1.4127e+00 +3.4605e+00 -1.9587e+00 -2.4761e+00
6896 0 +3.285719791e+00 +1.354657198e+02 +1.354657198e+02 -2.7938e+00 +1.4127e+00 +3.4605e+00 -1.9587e+00 -2.4771e+00
7049 0 +3.112471947e+00 +1.352924719e+02 +1.352924719e+02 -3.8394e+00 +1.5009e+00 +2.9152e+00 -1.9450e+00 -2.4951e+00
7474 0 +1.756467700e+00 +1.339364677e+02 +1.339364677e+02 -3.7817e+00 +1.4830e+00 +3.4379e+00 -1.9785e+00 -2.8098e+00
8994 0 +1.730514630e+00 +1.339105146e+02 +1.339105146e+02 -3.7685e+00 +2.2547e+00 +3.4476e+00 -1.9638e+00 -2.4824e+00
9477 0 +1.264545621e+00 +1.334445456e+02 +1.334445456e+02 -3.8126e+00 +1.5110e+00 +3.4629e+00 -1.9621e+00 -2.4741e+00
9515 0 +3.297095635e-01 +1.325097096e+02 +1.325097096e+02 -3.7685e+00 +1.4932e+00 +3.4476e+00 -1.9638e+00 -2.4824e+00
10614 0 +2.652915788e-01 +1.324452916e+02 +1.324452916e+02 -3.7821e+00 +1.5000e+00 +3.4656e+00 -1.9747e+00 -2.4947e+00
10615 0 +2.426657901e-01 +1.324226658e+02 +1.324226658e+02 -3.7873e+00 +1.4928e+00 +3.4635e+00 -1.9741e+00 -2.4957e+00
10628 0 +2.324429512e-01 +1.324124430e+02 +1.324124430e+02 -3.7806e+00 +1.4899e+00 +3.4653e+00 -1.9741e+00 -2.4987e+00
10630 0 +2.237150643e-01 +1.324037151e+02 +1.324037151e+02 -3.7864e+00 +1.4890e+00 +3.4643e+00 -1.9701e+00 -2.4987e+00
10633 0 +2.010152766e-01 +1.323810153e+02 +1.323810153e+02 -3.7822e+00 +1.4936e+00 +3.4605e+00 -1.9716e+00 -2.4966e+00
10634 0 +1.652193728e-01 +1.323452194e+02 +1.323452194e+02 -3.7806e+00 +1.4939e+00 +3.4588e+00 -1.9709e+00 -2.4953e+00
10638 0 +1.348842299e-01 +1.323148842e+02 +1.323148842e+02 -3.7753e+00 +1.4835e+00 +3.4676e+00 -1.9676e+00 -2.4991e+00
10639 0 +1.177472505e-01 +1.322977473e+02 +1.322977473e+02 -3.7840e+00 +1.4869e+00 +3.4654e+00 -1.9671e+00 -2.4951e+00
10640 0 +1.111304613e-01 +1.322911305e+02 +1.322911305e+02 -3.7857e+00 +1.4854e+00 +3.4654e+00 -1.9636e+00 -2.4933e+00
10641 0 +7.144877426e-02 +1.322514488e+02 +1.322514488e+02 -3.7778e+00 +1.4864e+00 +3.4668e+00 -1.9685e+00 -2.4929e+00
10642 0 +5.114239373e-02 +1.322311424e+02 +1.322311424e+02 -3.7735e+00 +1.4850e+00 +3.4680e+00 -1.9677e+00 -2.4901e+00
10643 0 +4.633406549e-02 +1.322263341e+02 +1.322263341e+02 -3.7774e+00 +1.4790e+00 +3.4610e+00 -1.9665e+00 -2.4934e+00
10645 0 +4.553695990e-02 +1.322255370e+02 +1.322255370e+02 -3.7711e+00 +1.4883e+00 +3.4619e+00 -1.9610e+00 -2.4930e+00
10652 0 +1.847877855e-02 +1.321984788e+02 +1.321984788e+02 -3.7636e+00 +1.4800e+00 +3.4636e+00 -1.9639e+00 -2.4897e+00
10654 0 +1.716709835e-02 +1.321971671e+02 +1.321971671e+02 -3.7677e+00 +1.4827e+00 +3.4644e+00 -1.9666e+00 -2.4942e+00
10661 0 +9.293404761e-03 +1.321892934e+02 +1.321892934e+02 -3.7636e+00 +1.4826e+00 +3.4592e+00 -1.9645e+00 -2.4935e+00
10663 0 +8.246691943e-03 +1.321882467e+02 +1.321882467e+02 -3.7599e+00 +1.4855e+00 +3.4616e+00 -1.9645e+00 -2.4923e+00
10665 0 +5.779770026e-03 +1.321857798e+02 +1.321857798e+02 -3.7604e+00 +1.4816e+00 +3.4612e+00 -1.9672e+00 -2.4923e+00
10667 0 +4.237279755e-03 +1.321842373e+02 +1.321842373e+02 -3.7648e+00 +1.4846e+00 +3.4611e+00 -1.9669e+00 -2.4923e+00
10669 0 +2.166305551e-03 +1.321821663e+02 +1.321821663e+02 -3.7634e+00 +1.4817e+00 +3.4626e+00 -1.9649e+00 -2.4913e+00
10677 0 +1.922640523e-03 +1.321819226e+02 +1.321819226e+02 -3.7620e+00 +1.4824e+00 +3.4615e+00 -1.9664e+00 -2.4924e+00
10679 0 +1.683783089e-03 +1.321816838e+02 +1.321816838e+02 -3.7620e+00 +1.4833e+00 +3.4608e+00 -1.9655e+00 -2.4917e+00
10681 0 +1.172687464e-03 +1.321811727e+02 +1.321811727e+02 -3.7636e+00 +1.4837e+00 +3.4612e+00 -1.9662e+00 -2.4922e+00
10682 0 +7.570812516e-04 +1.321807571e+02 +1.321807571e+02 -3.7641e+00 +1.4815e+00 +3.4610e+00 -1.9660e+00 -2.4919e+00
10687 0 +3.390138692e-04 +1.321803390e+02 +1.321803390e+02 -3.7632e+00 +1.4822e+00 +3.4618e+00 -1.9654e+00 -2.4917e+00
10691 0 +2.914116176e-04 +1.321802914e+02 +1.321802914e+02 -3.7638e+00 +1.4830e+00 +3.4612e+00 -1.9658e+00 -2.4921e+00
10695 0 +2.335567307e-04 +1.321802336e+02 +1.321802336e+02 -3.7636e+00 +1.4825e+00 +3.4612e+00 -1.9656e+00 -2.4922e+00
10697 0 +1.691544886e-04 +1.321801692e+02 +1.321801692e+02 -3.7640e+00 +1.4830e+00 +3.4616e+00 -1.9654e+00 -2.4921e+00
10699 0 +9.176524225e-05 +1.321800918e+02 +1.321800918e+02 -3.7645e+00 +1.4823e+00 +3.4615e+00 -1.9656e+00 -2.4921e+00
10701 0 +6.991016048e-05 +1.321800699e+02 +1.321800699e+02 -3.7636e+00 +1.4824e+00 +3.4616e+00 -1.9655e+00 -2.4919e+00
10709 0 +5.596002009e-05 +1.321800560e+02 +1.321800560e+02 -3.7641e+00 +1.4825e+00 +3.4615e+00 -1.9658e+00 -2.4920e+00
10712 0 +2.451246419e-05 +1.321800245e+02 +1.321800245e+02 -3.7641e+00 +1.4821e+00 +3.4617e+00 -1.9656e+00 -2.4920e+00
10714 0 +1.699203960e-05 +1.321800170e+02 +1.321800170e+02 -3.7643e+00 +1.4824e+00 +3.4616e+00 -1.9656e+00 -2.4920e+00
10716 0 +1.624242307e-05 +1.321800162e+02 +1.321800162e+02 -3.7641e+00 +1.4824e+00 +3.4617e+00 -1.9655e+00 -2.4920e+00
10720 0 +1.112277607e-05 +1.321800111e+02 +1.321800111e+02 -3.7638e+00 +1.4824e+00 +3.4616e+00 -1.9656e+00 -2.4920e+00
10724 0 +6.884308362e-06 +1.321800069e+02 +1.321800069e+02 -3.7640e+00 +1.4823e+00 +3.4616e+00 -1.9656e+00 -2.4920e+00
10726 0 +4.808137561e-06 +1.321800048e+02 +1.321800048e+02 -3.7641e+00 +1.4824e+00 +3.4616e+00 -1.9656e+00 -2.4920e+00
10730 0 +3.975289872e-06 +1.321800040e+02 +1.321800040e+02 -3.7640e+00 +1.4824e+00 +3.4617e+00 -1.9656e+00 -2.4920e+00
10732 0 +2.400354447e-06 +1.321800024e+02 +1.321800024e+02 -3.7640e+00 +1.4824e+00 +3.4616e+00 -1.9656e+00 -2.4920e+00
10734 0 +1.300037923e-06 +1.321800013e+02 +1.321800013e+02 -3.7639e+00 +1.4824e+00 +3.4616e+00 -1.9656e+00 -2.4920e+00
10743 0 +1.072834550e-06 +1.321800011e+02 +1.321800011e+02 -3.7640e+00 +1.4824e+00 +3.4616e+00 -1.9656e+00 -2.4920e+00
10745 0 +9.457430963e-07 +1.321800009e+02 +1.321800009e+02 -3.7640e+00 +1.4824e+00 +3.4616e+00 -1.9656e+00 -2.4920e+00
10747 0 +6.029952146e-07 +1.321800006e+02 +1.321800006e+02 -3.7640e+00 +1.4824e+00 +3.4616e+00 -1.9656e+00 -2.4920e+00
10749 0 +5.732276236e-07 +1.321800006e+02 +1.321800006e+02 -3.7640e+00 +1.4824e+00 +3.4616e+00 -1.9656e+00 -2.4920e+00
10752 0 +3.703914899e-07 +1.321800004e+02 +1.321800004e+02 -3.7640e+00 +1.4824e+00 +3.4616e+00 -1.9656e+00 -2.4920e+00
10754 0 +1.488988630e-07 +1.321800001e+02 +1.321800001e+02 -3.7640e+00 +1.4824e+00 +3.4616e+00 -1.9656e+00 -2.4920e+00
10766 0 +1.406684760e-07 +1.321800001e+02 +1.321800001e+02 -3.7640e+00 +1.4824e+00 +3.4616e+00 -1.9656e+00 -2.4920e+00
10767 0 +9.728870509e-08 +1.321800001e+02 +1.321800001e+02 -3.7640e+00 +1.4824e+00 +3.4616e+00 -1.9656e+00 -2.4920e+00
10769 0 +9.085150054e-08 +1.321800001e+02 +1.321800001e+02 -3.7640e+00 +1.4824e+00 +3.4616e+00 -1.9656e+00 -2.4920e+00
10773 0 +3.949634220e-08 +1.321800000e+02 +1.321800000e+02 -3.7640e+00 +1.4824e+00 +3.4616e+00 -1.9656e+00 -2.4920e+00
10775 0 +2.412318167e-08 +1.321800000e+02 +1.321800000e+02 -3.7640e+00 +1.4824e+00 +3.4616e+00 -1.9656e+00 -2.4920e+00
10777 0 +2.372263452e-08 +1.321800000e+02 +1.321800000e+02 -3.7640e+00 +1.4824e+00 +3.4616e+00 -1.9656e+00 -2.4920e+00
10780 0 +2.255501386e-08 +1.321800000e+02 +1.321800000e+02 -3.7640e+00 +1.4824e+00 +3.4616e+00 -1.9656e+00 -2.4920e+00
10782 0 +1.772156111e-08 +1.321800000e+02 +1.321800000e+02 -3.7640e+00 +1.4824e+00 +3.4616e+00 -1.9656e+00 -2.4920e+00
10786 0 +1.001816941e-08 +1.321800000e+02 +1.321800000e+02 -3.7640e+00 +1.4824e+00 +3.4616e+00 -1.9656e+00 -2.4920e+00
10788 0 +3.731599918e-09 +1.321800000e+02 +1.321800000e+02 -3.7640e+00 +1.4824e+00 +3.4616e+00 -1.9656e+00 -2.4920e+00
10876 0 +9.094947018e-13 +1.321800000e+02 +1.321800000e+02 -3.7640e+00 +1.4824e+00 +3.4616e+00 -1.9656e+00 -2.4920e+00
13256 0 +0.000000000e+00 +1.321800000e+02 +1.321800000e+02 -3.7640e+00 +1.4824e+00 +3.4616e+00 -1.9656e+00 -2.4920e+00
20000 0 +0.000000000e+00 +1.321800000e+02 +1.321800000e+02 -3.7640e+00 +1.4824e+00 +3.4616e+00 -1.9656e+00 -2.4920e+00
% f evaluations | g evaluations | best noise-free fitness - Fopt (-4.620900000000e+02) + sum g_i+ | measured fitness | best measured fitness or single-digit g-values | x1 | x2...
1 0 +4.617191954e+02 -3.708046412e-01 -3.708046412e-01 +2.7396e+00 -6.1122e-01 +3.5860e+00 +1.9737e+00 -4.0582e+00
2 0 +3.229227611e+02 -1.391672389e+02 -1.391672389e+02 +4.7562e+00 +2.6114e+00 +2.8606e+00 -3.7189e+00 -4.9614e-01
3 0 +1.843105818e+02 -2.777794182e+02 -2.777794182e+02 -1.2920e+00 +4.2676e+00 +1.4387e+00 +3.2276e+00 -5.6586e-01
9 0 +1.207937828e+02 -3.412962172e+02 -3.412962172e+02 -6.2848e-01 +3.3268e+00 +2.0027e+00 -1.8763e+00 +3.3226e+00
13 0 +8.615851692e+01 -3.759314831e+02 -3.759314831e+02 +1.6840e+00 -2.8904e-01 +6.5236e-01 +2.6500e+00 +1.3472e+00
16 0 +8.150553577e+01 -3.805844642e+02 -3.805844642e+02 -2.1862e+00 -2.0641e+00 +1.6192e+00 +5.7032e-01 +2.8390e+00
140 0 +8.150553577e+01 -3.805844642e+02 -3.805844642e+02 -2.1862e+00 -2.0641e+00 +1.6192e+00 +5.7032e-01 +2.8390e+00
% f evaluations | g evaluations | best noise-free fitness - Fopt (7.766000000000e+01) + sum g_i+ | measured fitness | best measured fitness or single-digit g-values | x1 | x2...
1 0 +2.585583012e+02 +3.362183012e+02 +3.362183012e+02 +2.7396e+00 -6.1122e-01 +3.5860e+00 +1.9737e+00 -4.0582e+00
3 0 +1.947552253e+02 +2.724152253e+02 +2.724152253e+02 -1.2920e+00 +4.2676e+00 +1.4387e+00 +3.2276e+00 -5.6586e-01
10 0 +9.115821869e+01 +1.688182187e+02 +1.688182187e+02 +3.0476e+00 -1.1252e+00 -2.1167e+00 +1.8250e+00 -3.6025e+00
23 0 +8.803445036e+01 +1.656944504e+02 +1.656944504e+02 -4.4224e-01 -2.9764e+00 -1.9404e+00 +7.9220e-01 -3.2323e+00
38 0 +7.723649642e+01 +1.548964964e+02 +1.548964964e+02 +1.6166e+00 -1.2634e+00 -4.0553e+00 +2.4679e+00 -2.3754e+00
100 0 +6.295845449e+01 +1.406184545e+02 +1.406184545e+02 +3.0038e+00 -2.0921e+00 -5.1175e-01 +1.8250e+00 -1.7461e+00
275 0 +5.540809629e+01 +1.330680963e+02 +1.330680963e+02 +1.5591e+00 +6.2826e-01 -1.9712e+00 +3.8645e+00 -9.6514e-01
368 0 +4.748020059e+01 +1.251402006e+02 +1.251402006e+02 +2.3393e+00 -2.9764e+00 -1.9404e+00 +3.1835e+00 -3.2323e+00
543 0 +3.238775203e+01 +1.100477520e+02 +1.100477520e+02 +3.4883e+00 -3.1272e+00 -1.3083e+00 +2.4945e+00 -3.0937e+00
922 0 +2.865220265e+01 +1.063122027e+02 +1.063122027e+02 +6.9286e-01 -3.2087e+00 -1.9726e+00 +4.2350e+00 -2.4600e+00
1294 0 +2.402944273e+01 +1.016894427e+02 +1.016894427e+02 +2.5493e-01 -2.1877e-01 -5.9680e-01 +3.7377e+00 -2.4556e+00
1347 0 +2.164318452e+01 +9.930318452e+01 +9.930318452e+01 +2.5326e+00 -3.5218e-01 -1.2159e+00 +3.3211e+00 -2.1019e+00
1682 0 +1.112446934e+01 +8.878446934e+01 +8.878446934e+01 +1.3882e+00 -7.9457e-01 -1.2499e+00 +2.8850e+00 -1.7426e+00
2085 0 +1.084657106e+01 +8.850657106e+01 +8.850657106e+01 +4.5831e-01 -8.4711e-01 -7.3459e-01 +3.3453e+00 -3.1789e+00
2229 0 +9.585768260e+00 +8.724576826e+01 +8.724576826e+01 +1.3216e+00 +7.0841e-01 -1.2396e+00 +3.3330e+00 -2.7605e+00
2431 0 +6.944080374e+00 +8.460408037e+01 +8.460408037e+01 +2.3757e+00 +7.0273e-01 -6.9691e-01 +3.2989e+00 -2.4747e+00
3309 0 +5.190944105e+00 +8.285094410e+01 +8.285094410e+01 +2.3128e+00 -8.0678e-01 -1.8821e+00 +3.2956e+00 -2.0872e+00
5293 0 +4.680029763e+00 +8.234002976e+01 +8.234002976e+01 +2.3831e+00 -8.3992e-01 -2.0393e-01 +3.3114e+00 -2.4706e+00
5301 0 +4.663752131e+00 +8.232375213e+01 +8.232375213e+01 +2.3845e+00 -8.2002e-01 -2.1301e-01 +3.3100e+00 -2.4706e+00
5303 0 +4.521564973e+00 +8.218156497e+01 +8.218156497e+01 +2.3788e+00 -8.4285e-01 -2.1333e-01 +3.3068e+00 -2.4709e+00
5306 0 +4.439588845e+00 +8.209958884e+01 +8.209958884e+01 +2.3792e+00 -8.2257e-01 -2.1519e-01 +3.3180e+00 -2.4679e+00
5313 0 +4.276108760e+00 +8.193610876e+01 +8.193610876e+01 +2.3905e+00 -8.4251e-01 -2.1507e-01 +3.3093e+00 -2.4635e+00
5314 0 +4.257995366e+00 +8.191799537e+01 +8.191799537e+01 +2.3935e+00 -8.5375e-01 -2.1610e-01 +3.3089e+00 -2.4599e+00
5319 0 +4.132141843e+00 +8.179214184e+01 +8.179214184e+01 +2.3793e+00 -8.5010e-01 -2.1210e-01 +3.3208e+00 -2.4597e+00
5328 0 +4.028132400e+00 +8.168813240e+01 +8.168813240e+01 +2.3879e+00 -8.4821e-01 -2.1544e-01 +3.3227e+00 -2.4658e+00
5387 0 +3.980906242e+00 +8.164090624e+01 +8.164090624e+01 +2.3994e+00 -8.5525e-01 -2.1512e-01 +3.3225e+00 -2.4643e+00
7232 0 +1.622058960e+00 +7.928205896e+01 +7.928205896e+01 +2.4442e+00 -1.7147e-02 -1.2677e+00 +3.3343e+00 -2.4609e+00
9122 0 +1.239878584e+00 +7.889987858e+01 +7.889987858e+01 +2.3778e+00 -1.7147e-02 -1.2677e+00 +3.3343e+00 -2.4609e+00
15796 0 +5.964801390e-01 +7.825648014e+01 +7.825648014e+01 +2.3887e+00 -8.5748e-01 -1.2400e+00 +3.3278e+00 -2.4590e+00
15805 0 +5.674054613e-01 +7.822740546e+01 +7.822740546e+01 +2.3881e+00 -8.5379e-01 -1.2390e+00 +3.3194e+00 -2.4654e+00
15855 0 +4.843134424e-01 +7.814431344e+01 +7.814431344e+01 +2.3926e+00 -8.6510e-01 -1.2479e+00 +3.3175e+00 -2.4584e+00
15879 0 +2.900704796e-01 +7.795007048e+01 +7.795007048e+01 +2.3930e+00 -8.5731e-01 -1.2545e+00 +3.3146e+00 -2.4580e+00
16142 0 +9.118213397e-02 +7.775118213e+01 +7.775118213e+01 +2.3866e+00 -8.5359e-01 -1.2640e+00 +3.3277e+00 -2.4635e+00
16644 0 +5.912095390e-02 +7.771912095e+01 +7.771912095e+01 +2.4039e+00 -8.6290e-01 -1.2773e+00 +3.3205e+00 -2.4616e+00
16647 0 +5.848875647e-02 +7.771848876e+01 +7.771848876e+01 +2.4054e+00 -8.5184e-01 -1.2649e+00 +3.3225e+00 -2.4610e+00
16651 0 +3.723015179e-02 +7.769723015e+01 +7.769723015e+01 +2.4073e+00 -8.5208e-01 -1.2753e+00 +3.3218e+00 -2.4657e+00
16653 0 +3.320570919e-02 +7.769320571e+01 +7.769320571e+01 +2.4036e+00 -8.5626e-01 -1.2679e+00 +3.3211e+00 -2.4665e+00
16655 0 +1.441156778e-02 +7.767441157e+01 +7.767441157e+01 +2.3966e+00 -8.5510e-01 -1.2681e+00 +3.3251e+00 -2.4637e+00
16663 0 +1.244556469e-02 +7.767244556e+01 +7.767244556e+01 +2.4053e+00 -8.5423e-01 -1.2728e+00 +3.3224e+00 -2.4648e+00
16666 0 +1.132521923e-02 +7.767132522e+01 +7.767132522e+01 +2.3978e+00 -8.5331e-01 -1.2690e+00 +3.3222e+00 -2.4625e+00
16668 0 +3.657247166e-03 +7.766365725e+01 +7.766365725e+01 +2.3984e+00 -8.5697e-01 -1.2743e+00 +3.3236e+00 -2.4637e+00
16673 0 +3.355230352e-03 +7.766335523e+01 +7.766335523e+01 +2.3990e+00 -8.5528e-01 -1.2702e+00 +3.3240e+00 -2.4635e+00
16680 0 +1.199950169e-03 +7.766119995e+01 +7.766119995e+01 +2.3987e+00 -8.5529e-01 -1.2712e+00 +3.3224e+00 -2.4642e+00
16683 0 +1.156334962e-03 +7.766115633e+01 +7.766115633e+01 +2.4002e+00 -8.5502e-01 -1.2717e+00 +3.3229e+00 -2.4640e+00
16685 0 +1.056800216e-03 +7.766105680e+01 +7.766105680e+01 +2.3978e+00 -8.5463e-01 -1.2712e+00 +3.3233e+00 -2.4640e+00
16687 0 +4.166177323e-04 +7.766041662e+01 +7.766041662e+01 +2.3986e+00 -8.5596e-01 -1.2726e+00 +3.3233e+00 -2.4637e+00
16692 0 +3.584588297e-04 +7.766035846e+01 +7.766035846e+01 +2.3989e+00 -8.5559e-01 -1.2721e+00 +3.3234e+00 -2.4643e+00
16700 0 +2.027929553e-04 +7.766020279e+01 +7.766020279e+01 +2.3980e+00 -8.5568e-01 -1.2719e+00 +3.3235e+00 -2.4639e+00
16702 0 +1.215863346e-04 +7.766012159e+01 +7.766012159e+01 +2.3981e+00 -8.5570e-01 -1.2720e+00 +3.3230e+00 -2.4641e+00
16705 0 +7.889038206e-05 +7.766007889e+01 +7.766007889e+01 +2.3989e+00 -8.5606e-01 -1.2719e+00 +3.3231e+00 -2.4639e+00
16712 0 +7.464195565e-05 +7.766007464e+01 +7.766007464e+01 +2.3983e+00 -8.5573e-01 -1.2718e+00 +3.3232e+00 -2.4639e+00
16714 0 +5.378994993e-05 +7.766005379e+01 +7.766005379e+01 +2.3982e+00 -8.5578e-01 -1.2720e+00 +3.3233e+00 -2.4639e+00
16716 0 +3.598291207e-05 +7.766003598e+01 +7.766003598e+01 +2.3984e+00 -8.5588e-01 -1.2722e+00 +3.3233e+00 -2.4639e+00
16718 0 +2.744887078e-05 +7.766002745e+01 +7.766002745e+01 +2.3982e+00 -8.5580e-01 -1.2720e+00 +3.3231e+00 -2.4640e+00
16722 0 +2.171245526e-05 +7.766002171e+01 +7.766002171e+01 +2.3986e+00 -8.5594e-01 -1.2720e+00 +3.3232e+00 -2.4639e+00
16727 0 +1.884112963e-05 +7.766001884e+01 +7.766001884e+01 +2.3984e+00 -8.5595e-01 -1.2721e+00 +3.3232e+00 -2.4640e+00
16728 0 +1.475701664e-05 +7.766001476e+01 +7.766001476e+01 +2.3983e+00 -8.5592e-01 -1.2719e+00 +3.3232e+00 -2.4640e+00
16732 0 +1.034683068e-05 +7.766001035e+01 +7.766001035e+01 +2.3985e+00 -8.5595e-01 -1.2720e+00 +3.3232e+00 -2.4639e+00
16736 0 +4.570675372e-06 +7.766000457e+01 +7.766000457e+01 +2.3984e+00 -8.5593e-01 -1.2721e+00 +3.3232e+00 -2.4640e+00
16739 0 +2.617999911e-06 +7.766000262e+01 +7.766000262e+01 +2.3985e+00 -8.5597e-01 -1.2720e+00 +3.3232e+00 -2.4640e+00
16750 0 +2.218050170e-06 +7.766000222e+01 +7.766000222e+01 +2.3984e+00 -8.5595e-01 -1.2720e+00 +3.3232e+00 -2.4640e+00
16753 0 +1.930483535e-06 +7.766000193e+01 +7.766000193e+01 +2.3984e+00 -8.5594e-01 -1.2720e+00 +3.3232e+00 -2.4640e+00
16756 0 +1.654265589e-06 +7.766000165e+01 +7.766000165e+01 +2.3984e+00 -8.5597e-01 -1.2720e+00 +3.3232e+00 -2.4640e+00
16758 0 +1.423347555e-06 +7.766000142e+01 +7.766000142e+01 +2.3984e+00 -8.5594e-01 -1.2720e+00 +3.3232e+00 -2.4640e+00
16760 0 +1.410294118e-06 +7.766000141e+01 +7.766000141e+01 +2.3984e+00 -8.5596e-01 -1.2720e+00 +3.3232e+00 -2.4640e+00
16765 0 +1.129494237e-06 +7.766000113e+01 +7.766000113e+01 +2.3984e+00 -8.5597e-01 -1.2720e+00 +3.3232e+00 -2.4640e+00
16768 0 +1.013512232e-06 +7.766000101e+01 +7.766000101e+01 +2.3984e+00 -8.5596e-01 -1.2720e+00 +3.3232e+00 -2.4640e+00
16775 0 +8.612518201e-07 +7.766000086e+01 +7.766000086e+01 +2.3984e+00 -8.5597e-01 -1.2720e+00 +3.3232e+00 -2.4640e+00
16777 0 +8.098778039e-07 +7.766000081e+01 +7.766000081e+01 +2.3984e+00 -8.5596e-01 -1.2720e+00 +3.3232e+00 -2.4640e+00
16779 0 +6.767554197e-07 +7.766000068e+01 +7.766000068e+01 +2.3984e+00 -8.5597e-01 -1.2720e+00 +3.3232e+00 -2.4640e+00
16785 0 +6.346010224e-07 +7.766000063e+01 +7.766000063e+01 +2.3984e+00 -8.5597e-01 -1.2720e+00 +3.3232e+00 -2.4640e+00
16791 0 +6.279634732e-07 +7.766000063e+01 +7.766000063e+01 +2.3984e+00 -8.5597e-01 -1.2720e+00 +3.3232e+00 -2.4640e+00
16793 0 +4.584808408e-07 +7.766000046e+01 +7.766000046e+01 +2.3984e+00 -8.5598e-01 -1.2720e+00 +3.3232e+00 -2.4640e+00
16794 0 +4.169245500e-07 +7.766000042e+01 +7.766000042e+01 +2.3984e+00 -8.5598e-01 -1.2720e+00 +3.3232e+00 -2.4640e+00
16799 0 +3.944663831e-07 +7.766000039e+01 +7.766000039e+01 +2.3984e+00 -8.5599e-01 -1.2720e+00 +3.3232e+00 -2.4640e+00
16803 0 +3.496634804e-07 +7.766000035e+01 +7.766000035e+01 +2.3984e+00 -8.5599e-01 -1.2720e+00 +3.3232e+00 -2.4640e+00
16805 0 +3.224385807e-07 +7.766000032e+01 +7.766000032e+01 +2.3984e+00 -8.5598e-01 -1.2720e+00 +3.3232e+00 -2.4640e+00
16807 0 +2.846231837e-07 +7.766000028e+01 +7.766000028e+01 +2.3984e+00 -8.5599e-01 -1.2720e+00 +3.3232e+00 -2.4640e+00
16810 0 +2.229830187e-07 +7.766000022e+01 +7.766000022e+01 +2.3984e+00 -8.5599e-01 -1.2720e+00 +3.3232e+00 -2.4640e+00
16815 0 +1.989695875e-07 +7.766000020e+01 +7.766000020e+01 +2.3984e+00 -8.5599e-01 -1.2720e+00 +3.3232e+00 -2.4640e+00
16819 0 +1.428378340e-07 +7.766000014e+01 +7.766000014e+01 +2.3984e+00 -8.5599e-01 -1.2720e+00 +3.3232e+00 -2.4640e+00
16825 0 +8.198101398e-08 +7.766000008e+01 +7.766000008e+01 +2.3984e+00 -8.5599e-01 -1.2720e+00 +3.3232e+00 -2.4640e+00
16826 0 +4.721142943e-08 +7.766000005e+01 +7.766000005e+01 +2.3984e+00 -8.5599e-01 -1.2720e+00 +3.3232e+00 -2.4640e+00
16832 0 +4.177232427e-08 +7.766000004e+01 +7.766000004e+01 +2.3984e+00 -8.5600e-01 -1.2720e+00 +3.3232e+00 -2.4640e+00
16834 0 +1.757652512e-08 +7.766000002e+01 +7.766000002e+01 +2.3984e+00 -8.5600e-01 -1.2720e+00 +3.3232e+00 -2.4640e+00
16841 0 +1.102034730e-08 +7.766000001e+01 +7.766000001e+01 +2.3984e+00 -8.5600e-01 -1.2720e+00 +3.3232e+00 -2.4640e+00
16848 0 +5.820396609e-09 +7.766000001e+01 +7.766000001e+01 +2.3984e+00 -8.5600e-01 -1.2720e+00 +3.3232e+00 -2.4640e+00
16928 0 +9.237055565e-13 +7.766000000e+01 +7.766000000e+01 +2.3984e+00 -8.5600e-01 -1.2720e+00 +3.3232e+00 -2.4640e+00
20000 0 +1.421085472e-14 +7.766000000e+01 +7.766000000e+01 +2.3984e+00 -8.5600e-01 -1.2720e+00 +3.3232e+00 -2.4640e+00
% f evaluations | g evaluations | best noise-free fitness - Fopt (1.156800000000e+02) + sum g_i+ | measured fitness | best measured fitness or single-digit g-values | x1 | x2...
1 0 +1.398993792e+02 +2.555793792e+02 +2.555793792e+02 +2.7396e+00 -6.1122e-01 +3.5860e+00 +1.9737e+00 -4.0582e+00
10 0 +7.678535200e+01 +1.924653520e+02 +1.924653520e+02 +3.0476e+00 -1.1252e+00 -2.1167e+00 +1.8250e+00 -3.6025e+00
135 0 +4.713026523e+01 +1.628102652e+02 +1.628102652e+02 -1.9905e+00 -1.1416e-01 -2.2367e+00 +4.0159e+00 -3.5426e+00
451 0 +3.723651379e+01 +1.529165138e+02 +1.529165138e+02 -1.9905e+00 -1.1416e-01 -1.9726e-02 +4.0159e+00 -3.5426e+00
634 0 +3.107227312e+01 +1.467522731e+02 +1.467522731e+02 -3.0250e+00 -1.6050e+00 +8.9581e-01 +2.7470e+00 -3.6217e+00
895 0 +1.973874739e+01 +1.354187474e+02 +1.354187474e+02 -3.2903e+00 -1.1416e-01 +8.7686e-01 +4.0159e+00 -3.2695e+00
1846 0 +1.412305628e+01 +1.298030563e+02 +1.298030563e+02 -3.3324e+00 -2.0568e-01 -3.4099e-01 +3.0483e+00 -3.5994e+00
1927 0 +1.309114131e+01 +1.287711413e+02 +1.287711413e+02 -1.2189e+00 -1.6936e+00 +7.5144e-01 +3.0725e+00 -3.5609e+00
2332 0 +1.240145606e+01 +1.280814561e+02 +1.280814561e+02 -2.0658e+00 +4.2804e-01 -2.9660e-01 +2.6386e+00 -3.6245e+00
2341 0 +7.363498721e+00 +1.230434987e+02 +1.230434987e+02 -3.1585e+00 +6.1049e-01 +2.7916e-01 +3.5529e+00 -3.5864e+00
3831 0 +5.935106410e+00 +1.216151064e+02 +1.216151064e+02 -1.1753e+00 -1.8451e+00 +2.8729e-01 +3.5531e+00 -3.5911e+00
4051 0 +3.693737247e+00 +1.193737372e+02 +1.193737372e+02 -2.2045e+00 -1.0362e+00 +2.1426e-01 +3.1164e+00 -3.2612e+00
6414 0 +3.385127742e+00 +1.190651277e+02 +1.190651277e+02 -2.1091e+00 -1.7581e-01 +2.5302e-01 +3.0895e+00 -3.5716e+00
6904 0 +3.171756217e+00 +1.188517562e+02 +1.188517562e+02 -2.2328e+00 -1.7581e-01 +2.5302e-01 +3.0895e+00 -3.5716e+00
6977 0 +1.672055285e+00 +1.173520553e+02 +1.173520553e+02 -2.1805e+00 -9.7355e-01 +2.4493e-01 +3.0725e+00 -3.9032e+00
7452 0 +1.118417891e+00 +1.167984179e+02 +1.167984179e+02 -2.1905e+00 -9.7601e-01 +2.7212e-01 +3.1034e+00 -3.5883e+00
7512 0 +1.054802563e+00 +1.167348026e+02 +1.167348026e+02 -2.1905e+00 -9.7601e-01 +2.7212e-01 +3.1008e+00 -3.5883e+00
8923 0 +1.028912240e+00 +1.167089122e+02 +1.167089122e+02 -2.1811e+00 -9.8233e-01 +2.4589e-01 +2.6776e+00 -3.6075e+00
8944 0 +1.005434749e+00 +1.166854347e+02 +1.166854347e+02 -2.1813e+00 -9.8280e-01 +2.4682e-01 +2.6798e+00 -3.6057e+00
8967 0 +9.963973032e-01 +1.166763973e+02 +1.166763973e+02 -2.1798e+00 -9.8264e-01 +2.4454e-01 +2.6824e+00 -3.6053e+00
9352 0 +6.909639485e-01 +1.163709639e+02 +1.163709639e+02 -2.1557e+00 -9.7601e-01 +2.4961e-01 +3.1008e+00 -3.5883e+00
10857 0 +3.472809942e-01 +1.160272810e+02 +1.160272810e+02 -2.1668e+00 -9.8637e-01 +2.2971e-01 +3.0979e+00 -3.6116e+00
11398 0 +3.048556684e-01 +1.159848557e+02 +1.159848557e+02 -2.1431e+00 -9.6948e-01 +2.4406e-01 +3.0837e+00 -3.6038e+00
12073 0 +2.117338760e-01 +1.158917339e+02 +1.158917339e+02 -2.1884e+00 -9.8814e-01 +2.2982e-01 +3.0950e+00 -3.6033e+00
12181 0 +1.562423928e-01 +1.158362424e+02 +1.158362424e+02 -2.1670e+00 -9.9822e-01 +2.4538e-01 +3.0847e+00 -3.6011e+00
12538 0 +1.349883581e-01 +1.158149884e+02 +1.158149884e+02 -2.1576e+00 -9.8786e-01 +2.4128e-01 +3.0946e+00 -3.6038e+00
12688 0 +6.180139616e-02 +1.157418014e+02 +1.157418014e+02 -2.1809e+00 -9.8047e-01 +2.3691e-01 +3.0914e+00 -3.6078e+00
12805 0 +4.982436854e-02 +1.157298244e+02 +1.157298244e+02 -2.1794e+00 -9.9059e-01 +2.4345e-01 +3.0840e+00 -3.6039e+00
12953 0 +3.418699300e-02 +1.157141870e+02 +1.157141870e+02 -2.1784e+00 -9.8809e-01 +2.4692e-01 +3.0849e+00 -3.6040e+00
13038 0 +3.000628048e-02 +1.157100063e+02 +1.157100063e+02 -2.1710e+00 -9.7902e-01 +2.4629e-01 +3.0888e+00 -3.6073e+00
13060 0 +8.122028448e-03 +1.156881220e+02 +1.156881220e+02 -2.1753e+00 -9.8503e-01 +2.4285e-01 +3.0896e+00 -3.6059e+00
13130 0 +7.471338060e-03 +1.156874713e+02 +1.156874713e+02 -2.1792e+00 -9.8467e-01 +2.4421e-01 +3.0866e+00 -3.6039e+00
13336 0 +6.459696419e-03 +1.156864597e+02 +1.156864597e+02 -2.1761e+00 -9.8266e-01 +2.4294e-01 +3.0898e+00 -3.6058e+00
13407 0 +4.819242899e-03 +1.156848192e+02 +1.156848192e+02 -2.1776e+00 -9.8315e-01 +2.4227e-01 +3.0879e+00 -3.6046e+00
13508 0 +4.727510222e-03 +1.156847275e+02 +1.156847275e+02 -2.1815e+00 -9.8362e-01 +2.4315e-01 +3.0881e+00 -3.6052e+00
13518 0 +2.971568541e-03 +1.156829716e+02 +1.156829716e+02 -2.1783e+00 -9.8432e-01 +2.4435e-01 +3.0902e+00 -3.6042e+00
13553 0 +1.717542485e-03 +1.156817175e+02 +1.156817175e+02 -2.1790e+00 -9.8312e-01 +2.4346e-01 +3.0891e+00 -3.6044e+00
13645 0 +1.542124049e-03 +1.156815421e+02 +1.156815421e+02 -2.1782e+00 -9.8232e-01 +2.4404e-01 +3.0897e+00 -3.6047e+00
13651 0 +7.741291876e-04 +1.156807741e+02 +1.156807741e+02 -2.1787e+00 -9.8446e-01 +2.4493e-01 +3.0891e+00 -3.6046e+00
13754 0 +3.249879645e-04 +1.156803250e+02 +1.156803250e+02 -2.1785e+00 -9.8358e-01 +2.4456e-01 +3.0885e+00 -3.6045e+00
13822 0 +2.112300649e-04 +1.156802112e+02 +1.156802112e+02 -2.1786e+00 -9.8316e-01 +2.4438e-01 +3.0887e+00 -3.6050e+00
13890 0 +1.302155671e-04 +1.156801302e+02 +1.156801302e+02 -2.1781e+00 -9.8351e-01 +2.4463e-01 +3.0889e+00 -3.6046e+00
13913 0 +9.930148327e-05 +1.156800993e+02 +1.156800993e+02 -2.1781e+00 -9.8312e-01 +2.4502e-01 +3.0886e+00 -3.6047e+00
13960 0 +8.727372808e-05 +1.156800873e+02 +1.156800873e+02 -2.1779e+00 -9.8325e-01 +2.4493e-01 +3.0888e+00 -3.6047e+00
13984 0 +6.666192662e-05 +1.156800667e+02 +1.156800667e+02 -2.1785e+00 -9.8311e-01 +2.4476e-01 +3.0886e+00 -3.6049e+00
14004 0 +3.041597731e-05 +1.156800304e+02 +1.156800304e+02 -2.1784e+00 -9.8326e-01 +2.4466e-01 +3.0888e+00 -3.6049e+00
14030 0 +2.953070795e-05 +1.156800295e+02 +1.156800295e+02 -2.1787e+00 -9.8309e-01 +2.4485e-01 +3.0887e+00 -3.6048e+00
14088 0 +1.194213937e-05 +1.156800119e+02 +1.156800119e+02 -2.1784e+00 -9.8325e-01 +2.4467e-01 +3.0888e+00 -3.6048e+00
14153 0 +7.893423302e-06 +1.156800079e+02 +1.156800079e+02 -2.1784e+00 -9.8319e-01 +2.4469e-01 +3.0888e+00 -3.6048e+00
14239 0 +5.915412970e-06 +1.156800059e+02 +1.156800059e+02 -2.1784e+00 -9.8315e-01 +2.4482e-01 +3.0889e+00 -3.6048e+00
14240 0 +4.098398833e-06 +1.156800041e+02 +1.156800041e+02 -2.1783e+00 -9.8322e-01 +2.4482e-01 +3.0888e+00 -3.6048e+00
14342 0 +3.016000775e-06 +1.156800030e+02 +1.156800030e+02 -2.1784e+00 -9.8318e-01 +2.4476e-01 +3.0888e+00 -3.6048e+00
14394 0 +2.551649715e-06 +1.156800026e+02 +1.156800026e+02 -2.1784e+00 -9.8317e-01 +2.4482e-01 +3.0888e+00 -3.6048e+00
14395 0 +1.266791102e-06 +1.156800013e+02 +1.156800013e+02 -2.1784e+00 -9.8319e-01 +2.4478e-01 +3.0888e+00 -3.6048e+00
14511 0 +8.316023354e-07 +1.156800008e+02 +1.156800008e+02 -2.1784e+00 -9.8319e-01 +2.4480e-01 +3.0888e+00 -3.6048e+00
14541 0 +7.665205572e-07 +1.156800008e+02 +1.156800008e+02 -2.1784e+00 -9.8321e-01 +2.4480e-01 +3.0888e+00 -3.6048e+00
14560 0 +4.454938534e-07 +1.156800004e+02 +1.156800004e+02 -2.1784e+00 -9.8321e-01 +2.4479e-01 +3.0888e+00 -3.6048e+00
14612 0 +2.714003955e-07 +1.156800003e+02 +1.156800003e+02 -2.1784e+00 -9.8318e-01 +2.4481e-01 +3.0888e+00 -3.6048e+00
14666 0 +2.560535108e-07 +1.156800003e+02 +1.156800003e+02 -2.1784e+00 -9.8319e-01 +2.4480e-01 +3.0888e+00 -3.6048e+00
14674 0 +2.165056685e-07 +1.156800002e+02 +1.156800002e+02 -2.1784e+00 -9.8321e-01 +2.4479e-01 +3.0888e+00 -3.6048e+00
14695 0 +1.285016964e-07 +1.156800001e+02 +1.156800001e+02 -2.1784e+00 -9.8319e-01 +2.4480e-01 +3.0888e+00 -3.6048e+00
14767 0 +9.851055438e-08 +1.156800001e+02 +1.156800001e+02 -2.1784e+00 -9.8320e-01 +2.4480e-01 +3.0888e+00 -3.6048e+00
14784 0 +8.381822170e-08 +1.156800001e+02 +1.156800001e+02 -2.1784e+00 -9.8320e-01 +2.4480e-01 +3.0888e+00 -3.6048e+00
14817 0 +3.248197800e-08 +1.156800000e+02 +1.156800000e+02 -2.1784e+00 -9.8320e-01 +2.4480e-01 +3.0888e+00 -3.6048e+00
15030 0 +2.124447462e-08 +1.156800000e+02 +1.156800000e+02 -2.1784e+00 -9.8320e-01 +2.4481e-01 +3.0888e+00 -3.6048e+00
15038 0 +7.965795135e-09 +1.156800000e+02 +1.156800000e+02 -2.1784e+00 -9.8320e-01 +2.4480e-01 +3.0888e+00 -3.6048e+00
15121 0 +9.521272659e-13 +1.156800000e+02 +1.156800000e+02 -2.1784e+00 -9.8320e-01 +2.4480e-01 +3.0888e+00 -3.6048e+00
15162 0 +0.000000000e+00 +1.156800000e+02 +1.156800000e+02 -2.1784e+00 -9.8320e-01 +2.4480e-01 +3.0888e+00 -3.6048e+00
20000 0 +0.000000000e+00 +1.156800000e+02 +1.156800000e+02 -2.1784e+00 -9.8320e-01 +2.4480e-01 +3.0888e+00 -3.6048e+00
% f evaluations | g evaluations | best noise-free fitness - Fopt (-3.710000000000e+00) + sum g_i+ | measured fitness | best measured fitness or single-digit g-values | x1 | x2...
1 0 +5.627393652e+02 +5.590293652e+02 +5.590293652e+02 +2.7396e+00 -6.1122e-01 +3.5860e+00 +1.9737e+00 -4.0582e+00
2 0 +5.597773169e+02 +5.560673169e+02 +5.560673169e+02 +4.7562e+00 +2.6114e+00 +2.8606e+00 -3.7189e+00 -4.9614e-01
3 0 +3.765291015e+02 +3.728191015e+02 +3.728191015e+02 -1.2920e+00 +4.2676e+00 +1.4387e+00 +3.2276e+00 -5.6586e-01
4 0 +2.495903475e+02 +2.458803475e+02 +2.458803475e+02 -2.7276e+00 +5.4585e-01 -4.3618e+00 +3.2763e+00 +1.3166e+00
5 0 +7.478003807e+01 +7.107003807e+01 +7.107003807e+01 +2.5809e+00 -1.4547e+00 +4.7070e+00 +3.9312e+00 +2.7838e+00
183 0 +6.643454032e+01 +6.272454032e+01 +6.272454032e+01 +3.9106e+00 -1.0113e+00 +4.5262e-02 +2.8793e+00 +3.5113e+00
271 0 +4.536686945e+01 +4.165686945e+01 +4.165686945e+01 +3.7932e+00 -8.2917e-01 +5.9137e-01 +3.3744e+00 +3.5164e+00
451 0 +2.344518454e+01 +1.973518454e+01 +1.973518454e+01 -8.9153e-01 -1.4133e+00 +1.7727e+00 +3.0304e+00 +3.5272e+00
1015 0 +2.013493593e+01 +1.642493593e+01 +1.642493593e+01 +2.1699e+00 -7.6211e-01 +6.2838e-01 +3.0412e+00 +3.1492e+00
1507 0 +1.993800875e+01 +1.622800875e+01 +1.622800875e+01 +2.9124e+00 -3.7384e+00 +1.7824e+00 +4.4164e+00 +3.4900e+00
1835 0 +1.877913005e+01 +1.506913005e+01 +1.506913005e+01 +1.4651e+00 -1.3974e+00 +1.2250e+00 +3.8699e+00 +3.1706e+00
1847 0 +1.453802338e+01 +1.082802338e+01 +1.082802338e+01 +2.1379e+00 -9.3733e-01 +2.3965e+00 +3.9708e+00 +3.1644e+00
1918 0 +1.225511277e+01 +8.545112774e+00 +8.545112774e+00 +4.1300e+00 -2.2913e+00 +1.2250e+00 +2.9744e+00 +3.1706e+00
1934 0 +8.817196310e+00 +5.107196310e+00 +5.107196310e+00 +2.2260e+00 -2.3896e+00 +1.7578e+00 +3.9156e+00 +3.1287e+00
3289 0 +8.487961229e+00 +4.777961229e+00 +4.777961229e+00 +2.1379e+00 -1.4154e+00 +2.3965e+00 +3.8979e+00 +3.1644e+00
3667 0 +7.797681697e+00 +4.087681697e+00 +4.087681697e+00 +3.0657e+00 -2.3896e+00 +1.7578e+00 +3.4532e+00 +3.1287e+00
4336 0 +7.280183886e+00 +3.570183886e+00 +3.570183886e+00 +1.1628e+00 -1.5596e+00 +1.8090e+00 +3.9479e+00 +3.1479e+00
4804 0 +3.922995955e+00 +2.129959547e-01 +2.129959547e-01 +3.0497e+00 -1.4797e+00 +1.8092e+00 +3.9409e+00 +3.1324e+00
5395 0 +3.630222035e+00 -7.977796490e-02 -7.977796490e-02 +3.0497e+00 -1.4797e+00 +1.7687e+00 +3.9409e+00 +3.1324e+00
% f evaluations | g evaluations | best noise-free fitness - Fopt (1.321800000000e+02) + sum g_i+ | measured fitness | best measured fitness or single-digit g-values | x1 | x2...
1 0 +3.201189279e+02 +4.522989279e+02 +4.522989279e+02 +2.7396e+00 -6.1122e-01 +3.5860e+00 +1.9737e+00 -4.0582e+00
2 0 +2.171382022e+02 +3.493182022e+02 +3.493182022e+02 +4.7562e+00 +2.6114e+00 +2.8606e+00 -3.7189e+00 -4.9614e-01
12 0 +1.654902116e+02 +2.976702116e+02 +2.976702116e+02 +2.8073e+00 -4.1084e-01 +6.8741e-01 -3.6020e+00 -3.8547e+00
15 0 +8.854225849e+01 +2.207222585e+02 +2.207222585e+02 -2.8542e+00 -9.1471e-01 +3.5340e+00 -2.6606e+00 -4.4170e+00
40 0 +8.489919112e+01 +2.170791911e+02 +2.170791911e+02 -3.2073e+00 +9.9383e-01 +3.7456e+00 -3.0357e+00 -1.8968e+00
105 0 +5.552419123e+01 +1.877041912e+02 +1.877041912e+02 -2.8542e+00 -9.1471e-01 +3.5340e+00 -1.7194e+00 -3.6819e+00
455 0 +5.219789235e+01 +1.843778924e+02 +1.843778924e+02 -3.0495e+00 -9.7790e-01 +2.8838e+00 -2.3295e+00 -1.3967e+00
458 0 +3.687706394e+01 +1.690570639e+02 +1.690570639e+02 -1.6060e+00 +6.9137e-01 +2.8433e+00 -2.8546e+00 -3.6790e+00
630 0 +2.885334562e+01 +1.610333456e+02 +1.610333456e+02 -2.7497e+00 +1.5788e+00 +2.8901e+00 -2.0827e+00 -3.4759e+00
716 0 +1.821108649e+01 +1.503910865e+02 +1.503910865e+02 -2.7077e+00 +1.6338e+00 +3.4291e+00 -2.3491e+00 -3.1354e+00
1255 0 +1.587316928e+01 +1.480531693e+02 +1.480531693e+02 -1.6768e+00 +1.4202e+00 +3.9861e+00 -1.0466e+00 -2.8037e+00
1633 0 +1.357440986e+01 +1.457544099e+02 +1.457544099e+02 -4.6655e+00 +1.4112e+00 +3.4105e+00 -2.4121e+00 -2.8365e+00
1712 0 +1.268075192e+01 +1.448607519e+02 +1.448607519e+02 -4.7775e+00 +2.3194e+00 +3.4019e+00 -1.9264e+00 -2.7468e+00
2764 0 +1.141791399e+01 +1.435979140e+02 +1.435979140e+02 -3.6858e+00 +1.5207e+00 +3.4124e+00 -2.0221e+00 -2.0615e+00
2972 0 +7.950699149e+00 +1.401306991e+02 +1.401306991e+02 -3.8498e+00 +2.1856e+00 +3.4280e+00 -1.9953e+00 -2.5293e+00
4290 0 +7.785169996e+00 +1.399651700e+02 +1.399651700e+02 -3.7632e+00 +2.2310e+00 +2.8587e+00 -1.9692e+00 -3.2064e+00
4339 0 +7.307946001e+00 +1.394879460e+02 +1.394879460e+02 -3.6927e+00 +1.5207e+00 +3.4124e+00 -2.0221e+00 -2.1099e+00
4698 0 +5.274925524e+00 +1.374549255e+02 +1.374549255e+02 -2.7465e+00 +1.4546e+00 +2.8864e+00 -2.4033e+00 -2.5116e+00
4908 0 +4.903388957e+00 +1.370833890e+02 +1.370833890e+02 -2.7465e+00 +1.4634e+00 +2.8864e+00 -2.3987e+00 -2.5116e+00
5122 0 +3.761184664e+00 +1.359411847e+02 +1.359411847e+02 -3.8568e+00 +2.1738e+00 +3.4710e+00 -1.9784e+00 -2.4879e+00
5803 0 +3.411323543e+00 +1.355913235e+02 +1.355913235e+02 -3.8291e+00 +1.4934e+00 +3.4488e+00 -1.4836e+00 -2.7941e+00
5951 0 +3.319496886e+00 +1.354994969e+02 +1.354994969e+02 -2.7938e+00 +1.4127e+00 +3.4605e+00 -1.9587e+00 -2.4761e+00
6896 0 +3.285719791e+00 +1.354657198e+02 +1.354657198e+02 -2.7938e+00 +1.4127e+00 +3.4605e+00 -1.9587e+00 -2.4771e+00
7049 0 +3.112471947e+00 +1.352924719e+02 +1.352924719e+02 -3.8394e+00 +1.5009e+00 +2.9152e+00 -1.9450e+00 -2.4951e+00
7474 0 +1.756467700e+00 +1.339364677e+02 +1.339364677e+02 -3.7817e+00 +1.4830e+00 +3.4379e+00 -1.9785e+00 -2.8098e+00
8994 0 +1.730514630e+00 +1.339105146e+02 +1.339105146e+02 -3.7685e+00 +2.2547e+00 +3.4476e+00 -1.9638e+00 -2.4824e+00
9477 0 +1.264545621e+00 +1.334445456e+02 +1.334445456e+02 -3.8126e+00 +1.5110e+00 +3.4629e+00 -1.9621e+00 -2.4741e+00
9515 0 +3.297095635e-01 +1.325097096e+02 +1.325097096e+02 -3.7685e+00 +1.4932e+00 +3.4476e+00 -1.9638e+00 -2.4824e+00
10614 0 +2.652915788e-01 +1.324452916e+02 +1.324452916e+02 -3.7821e+00 +1.5000e+00 +3.4656e+00 -1.9747e+00 -2.4947e+00
10615 0 +2.426657901e-01 +1.324226658e+02 +1.324226658e+02 -3.7873e+00 +1.4928e+00 +3.4635e+00 -1.9741e+00 -2.4957e+00
10628 0 +2.324429512e-01 +1.324124430e+02 +1.324124430e+02 -3.7806e+00 +1.4899e+00 +3.4653e+00 -1.9741e+00 -2.4987e+00
10630 0 +2.237150643e-01 +1.324037151e+02 +1.324037151e+02 -3.7864e+00 +1.4890e+00 +3.4643e+00 -1.9701e+00 -2.4987e+00
10633 0 +2.010152766e-01 +1.323810153e+02 +1.323810153e+02 -3.7822e+00 +1.4936e+00 +3.4605e+00 -1.9716e+00 -2.4966e+00
10634 0 +1.652193728e-01 +1.323452194e+02 +1.323452194e+02 -3.7806e+00 +1.4939e+00 +3.4588e+00 -1.9709e+00 -2.4953e+00
10638 0 +1.348842299e-01 +1.323148842e+02 +1.323148842e+02 -3.7753e+00 +1.4835e+00 +3.4676e+00 -1.9676e+00 -2.4991e+00
10639 0 +1.177472505e-01 +1.322977473e+02 +1.322977473e+02 -3.7840e+00 +1.4869e+00 +3.4654e+00 -1.9671e+00 -2.4951e+00
10640 0 +1.111304613e-01 +1.322911305e+02 +1.322911305e+02 -3.7857e+00 +1.4854e+00 +3.4654e+00 -1.9636e+00 -2.4933e+00
10641 0 +7.144877426e-02 +1.322514488e+02 +1.322514488e+02 -3.7778e+00 +1.4864e+00 +3.4668e+00 -1.9685e+00 -2.4929e+00
10642 0 +5.114239373e-02 +1.322311424e+02 +1.322311424e+02 -3.7735e+00 +1.4850e+00 +3.4680e+00 -1.9677e+00 -2.4901e+00
10643 0 +4.633406549e-02 +1.322263341e+02 +1.322263341e+02 -3.7774e+00 +1.4790e+00 +3.4610e+00 -1.9665e+00 -2.4934e+00
10645 0 +4.553695990e-02 +1.322255370e+02 +1.322255370e+02 -3.7711e+00 +1.4883e+00 +3.4619e+00 -1.9610e+00 -2.4930e+00
10652 0 +1.847877855e-02 +1.321984788e+02 +1.321984788e+02 -3.7636e+00 +1.4800e+00 +3.4636e+00 -1.9639e+00 -2.4897e+00
10654 0 +1.716709835e-02 +1.321971671e+02 +1.321971671e+02 -3.7677e+00 +1.4827e+00 +3.4644e+00 -1.9666e+00 -2.4942e+00
10661 0 +9.293404761e-03 +1.321892934e+02 +1.321892934e+02 -3.7636e+00 +1.4826e+00 +3.4592e+00 -1.9645e+00 -2.4935e+00
10663 0 +8.246691943e-03 +1.321882467e+02 +1.321882467e+02 -3.7599e+00 +1.4855e+00 +3.4616e+00 -1.9645e+00 -2.4923e+00
10665 0 +5.779770026e-03 +1.321857798e+02 +1.321857798e+02 -3.7604e+00 +1.4816e+00 +3.4612e+00 -1.9672e+00 -2.4923e+00
10667 0 +4.237279755e-03 +1.321842373e+02 +1.321842373e+02 -3.7648e+00 +1.4846e+00 +3.4611e+00 -1.9669e+00 -2.4923e+00
10669 0 +2.166305551e-03 +1.321821663e+02 +1.321821663e+02 -3.7634e+00 +1.4817e+00 +3.4626e+00 -1.9649e+00 -2.4913e+00
10677 0 +1.922640523e-03 +1.321819226e+02 +1.321819226e+02 -3.7620e+00 +1.4824e+00 +3.4615e+00 -1.9664e+00 -2.4924e+00
10679 0 +1.683783089e-03 +1.321816838e+02 +1.321816838e+02 -3.7620e+00 +1.4833e+00 +3.4608e+00 -1.9655e+00 -2.4917e+00
10681 0 +1.172687464e-03 +1.321811727e+02 +1.321811727e+02 -3.7636e+00 +1.4837e+00 +3.4612e+00 -1.9662e+00 -2.4922e+00
10682 0 +7.570812516e-04 +1.321807571e+02 +1.321807571e+02 -3.7641e+00 +1.4815e+00 +3.4610e+00 -1.9660e+00 -2.4919e+00
10687 0 +3.390138692e-04 +1.321803390e+02 +1.321803390e+02 -3.7632e+00 +1.4822e+00 +3.4618e+00 -1.9654e+00 -2.4917e+00
10691 0 +2.914116176e-04 +1.321802914e+02 +1.321802914e+02 -3.7638e+00 +1.4830e+00 +3.4612e+00 -1.9658e+00 -2.4921e+00
10695 0 +2.335567307e-04 +1.321802336e+02 +1.321802336e+02 -3.7636e+00 +1.4825e+00 +3.4612e+00 -1.9656e+00 -2.4922e+00
10697 0 +1.691544886e-04 +1.321801692e+02 +1.321801692e+02 -3.7640e+00 +1.4830e+00 +3.4616e+00 -1.9654e+00 -2.4921e+00
10699 0 +9.176524225e-05 +1.321800918e+02 +1.321800918e+02 -3.7645e+00 +1.4823e+00 +3.4615e+00 -1.9656e+00 -2.4921e+00
10701 0 +6.991016048e-05 +1.321800699e+02 +1.321800699e+02 -3.7636e+00 +1.4824e+00 +3.4616e+00 -1.9655e+00 -2.4919e+00
10709 0 +5.596002009e-05 +1.321800560e+02 +1.321800560e+02 -3.7641e+00 +1.4825e+00 +3.4615e+00 -1.9658e+00 -2.4920e+00
10712 0 +2.451246419e-05 +1.321800245e+02 +1.321800245e+02 -3.7641e+00 +1.4821e+00 +3.4617e+00 -1.9656e+00 -2.4920e+00
10714 0 +1.699203960e-05 +1.321800170e+02 +1.321800170e+02 -3.7643e+00 +1.4824e+00 +3.4616e+00 -1.9656e+00 -2.4920e+00
10716 0 +1.624242307e-05 +1.321800162e+02 +1.321800162e+02 -3.7641e+00 +1.4824e+00 +3.4617e+00 -1.9655e+00 -2.4920e+00
10720 0 +1.112277607e-05 +1.321800111e+02 +1.321800111e+02 -3.7638e+00 +1.4824e+00 +3.4616e+00 -1.9656e+00 -2.4920e+00
10724 0 +6.884308362e-06 +1.321800069e+02 +1.321800069e+02 -3.7640e+00 +1.4823e+00 +3.4616e+00 -1.9656e+00 -2.4920e+00
10726 0 +4.808137561e-06 +1.321800048e+02 +1.321800048e+02 -3.7641e+00 +1.4824e+00 +3.4616e+00 -1.9656e+00 -2.4920e+00
10730 0 +3.975289872e-06 +1.321800040e+02 +1.321800040e+02 -3.7640e+00 +1.4824e+00 +3.4617e+00 -1.9656e+00 -2.4920e+00
10732 0 +2.400354447e-06 +1.321800024e+02 +1.321800024e+02 -3.7640e+00 +1.4824e+00 +3.4616e+00 -1.9656e+00 -2.4920e+00
10734 0 +1.300037923e-06 +1.321800013e+02 +1.321800013e+02 -3.7639e+00 +1.4824e+00 +3.4616e+00 -1.9656e+00 -2.4920e+00
10743 0 +1.072834550e-06 +1.321800011e+02 +1.321800011e+02 -3.7640e+00 +1.4824e+00 +3.4616e+00 -1.9656e+00 -2.4920e+00
10745 0 +9.457430963e-07 +1.321800009e+02 +1.321800009e+02 -3.7640e+00 +1.4824e+00 +3.4616e+00 -1.9656e+00 -2.4920e+00
10747 0 +6.029952146e-07 +1.321800006e+02 +1.321800006e+02 -3.7640e+00 +1.4824e+00 +3.4616e+00 -1.9656e+00 -2.4920e+00
10749 0 +5.732276236e-07 +1.321800006e+02 +1.321800006e+02 -3.7640e+00 +1.4824e+00 +3.4616e+00 -1.9656e+00 -2.4920e+00
10752 0 +3.703914899e-07 +1.321800004e+02 +1.321800004e+02 -3.7640e+00 +1.4824e+00 +3.4616e+00 -1.9656e+00 -2.4920e+00
10754 0 +1.488988630e-07 +1.321800001e+02 +1.321800001e+02 -3.7640e+00 +1.4824e+00 +3.4616e+00 -1.9656e+00 -2.4920e+00
10766 0 +1.406684760e-07 +1.321800001e+02 +1.321800001e+02 -3.7640e+00 +1.4824e+00 +3.4616e+00 -1.9656e+00 -2.4920e+00
10767 0 +9.728870509e-08 +1.321800001e+02 +1.321800001e+02 -3.7640e+00 +1.4824e+00 +3.4616e+00 -1.9656e+00 -2.4920e+00
10769 0 +9.085150054e-08 +1.321800001e+02 +1.321800001e+02 -3.7640e+00 +1.4824e+00 +3.4616e+00 -1.9656e+00 -2.4920e+00
10773 0 +3.949634220e-08 +1.321800000e+02 +1.321800000e+02 -3.7640e+00 +1.4824e+00 +3.4616e+00 -1.9656e+00 -2.4920e+00
10775 0 +2.412318167e-08 +1.321800000e+02 +1.321800000e+02 -3.7640e+00 +1.4824e+00 +3.4616e+00 -1.9656e+00 -2.4920e+00
10777 0 +2.372263452e-08 +1.321800000e+02 +1.321800000e+02 -3.7640e+00 +1.4824e+00 +3.4616e+00 -1.9656e+00 -2.4920e+00
10780 0 +2.255501386e-08 +1.321800000e+02 +1.321800000e+02 -3.7640e+00 +1.4824e+00 +3.4616e+00 -1.9656e+00 -2.4920e+00
10782 0 +1.772156111e-08 +1.321800000e+02 +1.321800000e+02 -3.7640e+00 +1.4824e+00 +3.4616e+00 -1.9656e+00 -2.4920e+00
10786 0 +1.001816941e-08 +1.321800000e+02 +1.321800000e+02 -3.7640e+00 +1.4824e+00 +3.4616e+00 -1.9656e+00 -2.4920e+00
10788 0 +3.731599918e-09 +1.321800000e+02 +1.321800000e+02 -3.7640e+00 +1.4824e+00 +3.4616e+00 -1.9656e+00 -2.4920e+00
10876 0 +9.094947018e-13 +1.321800000e+02 +1.321800000e+02 -3.7640e+00 +1.4824e+00 +3.4616e+00 -1.9656e+00 -2.4920e+00
13256 0 +0.000000000e+00 +1.321800000e+02 +1.321800000e+02 -3.7640e+00 +1.4824e+00 +3.4616e+00 -1.9656e+00 -2.4920e+00
20000 0 +0.000000000e+00 +1.321800000e+02 +1.321800000e+02 -3.7640e+00 +1.4824e+00 +3.4616e+00 -1.9656e+00 -2.4920e+00
