% f evaluations | g evaluations | best noise-free fitness - Fopt (-1.025500000000e+02) + sum g_i+ | measured fitness | best measured fitness or single-digit g-values | x1 | x2...
1 0 +5.178871082e+01 -5.076128918e+01 -5.076128918e+01 +2.7396e+00 -6.1122e-01 +3.5860e+00 +1.9737e+00 -4.0582e+00
2 0 +2.435382729e+01 -7.819617271e+01 -7.819617271e+01 +4.7562e+00 +2.6114e+00 +2.8606e+00 -3.7189e+00 -4.9614e-01
9 0 +1.699433435e+01 -8.555566565e+01 -8.555566565e+01 -6.2848e-01 +3.3268e+00 +2.0027e+00 -1.8763e+00 +3.3226e+00
13 0 +1.559171044e+01 -8.695828956e+01 -8.695828956e+01 +1.6840e+00 -2.8904e-01 +6.5236e-01 +2.6500e+00 +1.3472e+00
16 0 +1.194359735e+01 -9.060640265e+01 -9.060640265e+01 -2.1862e+00 -2.0641e+00 +1.6192e+00 +5.7032e-01 +2.8390e+00
72 0 +1.077109904e+01 -9.177890096e+01 -9.177890096e+01 +2.2632e-01 +2.6392e+00 +2.9924e+00 -7.8468e-02 +9.9593e-01
88 0 +5.845678360e+00 -9.670432164e+01 -9.670432164e+01 -2.9822e+00 -3.7508e+00 +4.5310e-02 +2.4519e+00 +1.3001e+00
140 0 +5.845678360e+00 -9.670432164e+01 -9.670432164e+01 -2.9822e+00 -3.7508e+00 +4.5310e-02 +2.4519e+00 +1.3001e+00
% f evaluations | g evaluations | best noise-free fitness - Fopt (7.169000000000e+01) + sum g_i+ | measured fitness | best measured fitness or single-digit g-values | x1 | x2...
1 0 +5.576579509e+01 +1.274557951e+02 +1.274557951e+02 +2.7396e+00 -6.1122e-01 +3.5860e+00 +1.9737e+00 -4.0582e+00
3 0 +2.160142688e+01 +9.329142688e+01 +9.329142688e+01 -1.2920e+00 +4.2676e+00 +1.4387e+00 +3.2276e+00 -5.6586e-01
8 0 +1.500747544e+01 +8.669747544e+01 +8.669747544e+01 -3.1053e+00 -3.7008e+00 -2.4295e-01 -2.7309e+00 +1.6981e+00
26 0 +1.367154766e+01 +8.536154766e+01 +8.536154766e+01 -6.0092e-02 -1.7014e+00 -3.5548e+00 -3.9660e+00 +8.7645e-01
45 0 +8.516550218e+00 +8.020655022e+01 +8.020655022e+01 -1.9905e+00 -1.1416e-01 +1.6286e+00 +4.5562e+00 -2.1355e+00
193 0 +7.905414147e+00 +7.959541415e+01 +7.959541415e+01 +6.7871e-02 -3.1326e-01 -3.5548e+00 -3.7172e+00 +2.4369e+00
210 0 +5.933874540e+00 +7.762387454e+01 +7.762387454e+01 +1.3028e+00 -4.7010e-01 -9.3163e-01 -4.2745e+00 +4.6190e+00
229 0 +5.472964643e+00 +7.716296464e+01 +7.716296464e+01 -5.5059e-01 -2.4436e-02 +4.5310e-02 -7.5884e-01 +1.3001e+00
260 0 +3.565788093e+00 +7.525578809e+01 +7.525578809e+01 -1.2799e+00 -6.4903e-01 +1.7510e+00 +7.6095e-02 +3.3908e+00
366 0 +3.539848485e+00 +7.522984849e+01 +7.522984849e+01 +3.1080e-01 -4.7010e-01 -9.3163e-01 -4.2745e+00 +4.4696e+00
370 0 +3.462769452e+00 +7.515276945e+01 +7.515276945e+01 -1.5513e+00 -2.0064e-01 +5.0155e-01 -1.6919e+00 +2.8926e+00
456 0 +1.441928533e+00 +7.313192853e+01 +7.313192853e+01 -1.1406e+00 -2.7429e-01 +6.6124e-01 -1.0946e+00 +2.3778e+00
551 0 +1.149836569e+00 +7.283983657e+01 +7.283983657e+01 -5.8864e-01 +7.9503e-01 +4.7677e-01 -1.0478e+00 +2.2361e+00
3306 0 +6.833267198e-01 +7.237332672e+01 +7.237332672e+01 +1.3372e+00 -1.4527e+00 +1.1798e+00 -6.3285e-02 +9.9570e-01
10819 0 +5.361654218e-01 +7.222616542e+01 +7.222616542e+01 +1.9803e+00 +3.2891e-01 +5.3067e-01 -6.6282e-02 -4.7636e-01
11922 0 +5.236387549e-01 +7.221363875e+01 +7.221363875e+01 +1.9982e+00 +3.4845e-01 +2.4940e-01 +3.1279e-02 -3.5916e-01
11929 0 +5.092363449e-01 +7.219923634e+01 +7.219923634e+01 +1.9982e+00 +3.4889e-01 +2.4919e-01 +3.1077e-02 -3.5955e-01
11930 0 +4.990196184e-01 +7.218901962e+01 +7.218901962e+01 +1.9982e+00 +3.4907e-01 +2.4895e-01 +3.0976e-02 -3.5994e-01
11935 0 +4.872538377e-01 +7.217725384e+01 +7.217725384e+01 +1.9980e+00 +3.4922e-01 +2.4809e-01 +3.0749e-02 -3.6153e-01
11937 0 +4.690639385e-01 +7.215906394e+01 +7.215906394e+01 +1.9980e+00 +3.4972e-01 +2.4786e-01 +3.0553e-02 -3.6175e-01
11940 0 +4.596008798e-01 +7.214960088e+01 +7.214960088e+01 +1.9978e+00 +3.4968e-01 +2.4747e-01 +3.0523e-02 -3.6246e-01
11941 0 +4.449709145e-01 +7.213497091e+01 +7.213497091e+01 +1.9976e+00 +3.4988e-01 +2.4680e-01 +3.0369e-02 -3.6355e-01
11947 0 +4.258169491e-01 +7.211581695e+01 +7.211581695e+01 +1.9977e+00 +3.5033e-01 +2.4652e-01 +3.0198e-02 -3.6382e-01
11951 0 +4.010715662e-01 +7.209107157e+01 +7.209107157e+01 +1.9971e+00 +3.5058e-01 +2.4497e-01 +2.9902e-02 -3.6637e-01
11952 0 +3.909105995e-01 +7.208091060e+01 +7.208091060e+01 +1.9968e+00 +3.5064e-01 +2.4413e-01 +2.9796e-02 -3.6768e-01
11955 0 +3.870247830e-01 +7.207702478e+01 +7.207702478e+01 +1.9968e+00 +3.5091e-01 +2.4429e-01 +2.9809e-02 -3.6714e-01
13120 0 +3.711924129e-01 +7.206119241e+01 +7.206119241e+01 +1.9417e+00 +3.7824e-01 +2.7206e-01 +1.0244e-01 -4.2628e-01
13136 0 +3.627794057e-01 +7.205277941e+01 +7.205277941e+01 +1.9414e+00 +3.7907e-01 +2.7086e-01 +1.0200e-01 -4.2802e-01
20000 0 +3.612828427e-01 +7.205128284e+01 +7.205128284e+01 +1.9415e+00 +3.7894e-01 +2.7121e-01 +1.0214e-01 -4.2750e-01
% f evaluations | g evaluations | best noise-free fitness - Fopt (2.140100000000e+02) + sum g_i+ | measured fitness | best measured fitness or single-digit g-values | x1 | x2...
1 0 +3.720599525e+01 +2.512159953e+02 +2.512159953e+02 +2.7396e+00 -6.1122e-01 +3.5860e+00 +1.9737e+00 -4.0582e+00
3 0 +2.689200711e+01 +2.409020071e+02 +2.409020071e+02 -1.2920e+00 +4.2676e+00 +1.4387e+00 +3.2276e+00 -5.6586e-01
9 0 +2.049582897e+01 +2.345058290e+02 +2.345058290e+02 -6.2848e-01 +3.3268e+00 +2.0027e+00 -1.8763e+00 +3.3226e+00
10 0 +1.368788744e+01 +2.276978874e+02 +2.276978874e+02 +3.0476e+00 -1.1252e+00 -2.1167e+00 +1.8250e+00 -3.6025e+00
38 0 +1.151219650e+01 +2.255221965e+02 +2.255221965e+02 +1.6166e+00 -1.2634e+00 -4.0553e+00 +2.4679e+00 -2.3754e+00
63 0 +8.776553998e+00 +2.227865540e+02 +2.227865540e+02 -2.2123e-01 -8.3111e-01 -2.6743e+00 -1.3249e+00 -1.3361e+00
192 0 +4.905142203e+00 +2.189151422e+02 +2.189151422e+02 -1.3516e-01 +1.8505e+00 -8.4783e-01 -2.0630e-01 -2.0728e+00
477 0 +4.529915246e+00 +2.185399152e+02 +2.185399152e+02 -2.0379e+00 -1.5133e+00 +1.2292e+00 -2.2700e+00 -3.4240e-01
598 0 +3.603559546e+00 +2.176135595e+02 +2.176135595e+02 -1.7237e+00 +1.6885e-03 -8.3945e-02 +8.8456e-01 -1.9868e+00
642 0 +2.859641950e+00 +2.168696419e+02 +2.168696419e+02 -2.4706e+00 +1.6992e-01 +7.0353e-01 +1.0353e+00 +5.9304e-02
673 0 +2.621066497e+00 +2.166310665e+02 +2.166310665e+02 +1.9033e-01 -1.6002e+00 -1.3295e+00 -1.2008e+00 -1.3807e+00
1260 0 +1.561606414e+00 +2.155716064e+02 +2.155716064e+02 -1.1856e+00 +1.3710e+00 +1.7021e+00 +8.7770e-01 +3.4794e-01
1395 0 +1.401866497e+00 +2.154118665e+02 +2.154118665e+02 -1.7176e+00 -6.0417e-01 +2.5194e+00 +9.5804e-02 +7.2555e-01
2312 0 +1.176226333e+00 +2.151862263e+02 +2.151862263e+02 +6.0294e-01 -7.8032e-01 +1.8505e+00 +2.1148e-01 +8.2093e-01
3329 0 +9.778779698e-01 +2.149878780e+02 +2.149878780e+02 +4.9604e-01 -1.1129e+00 +7.0909e-01 +1.3198e-01 -9.5672e-01
4967 0 +9.521555858e-01 +2.149621556e+02 +2.149621556e+02 +2.6304e-01 -1.2482e+00 +3.6724e-01 +5.1084e-01 -1.3530e+00
4968 0 +8.345294820e-01 +2.148445295e+02 +2.148445295e+02 +2.6438e-01 -1.2477e+00 +3.6511e-01 +5.0991e-01 -1.3539e+00
4972 0 +8.233986729e-01 +2.148333987e+02 +2.148333987e+02 +2.6789e-01 -1.2458e+00 +3.5977e-01 +5.0758e-01 -1.3567e+00
4974 0 +7.313160988e-01 +2.147413161e+02 +2.147413161e+02 +2.6790e-01 -1.2461e+00 +3.5995e-01 +5.0699e-01 -1.3558e+00
4975 0 +6.872595428e-01 +2.146972595e+02 +2.146972595e+02 +2.6986e-01 -1.2454e+00 +3.5709e-01 +5.0515e-01 -1.3567e+00
4976 0 +6.417327493e-01 +2.146517327e+02 +2.146517327e+02 +2.6818e-01 -1.2461e+00 +3.5942e-01 +5.0805e-01 -1.3558e+00
4977 0 +5.433358599e-01 +2.145533359e+02 +2.145533359e+02 +2.6955e-01 -1.2457e+00 +3.5733e-01 +5.0792e-01 -1.3562e+00
4979 0 +5.134446690e-01 +2.145234447e+02 +2.145234447e+02 +2.7102e-01 -1.2451e+00 +3.5491e-01 +5.0552e-01 -1.3579e+00
4980 0 +4.772924663e-01 +2.144872925e+02 +2.144872925e+02 +2.7432e-01 -1.2439e+00 +3.4955e-01 +5.0345e-01 -1.3600e+00
4982 0 +3.364582122e-01 +2.143464582e+02 +2.143464582e+02 +2.7435e-01 -1.2445e+00 +3.5033e-01 +5.0309e-01 -1.3585e+00
4983 0 +3.225739922e-01 +2.143325740e+02 +2.143325740e+02 +2.7757e-01 -1.2439e+00 +3.4561e-01 +5.0084e-01 -1.3594e+00
4984 0 +2.539217824e-01 +2.142639218e+02 +2.142639218e+02 +2.7546e-01 -1.2443e+00 +3.4842e-01 +5.0379e-01 -1.3596e+00
4987 0 +1.782723167e-01 +2.141882723e+02 +2.141882723e+02 +2.7651e-01 -1.2441e+00 +3.4634e-01 +5.0371e-01 -1.3593e+00
5003 0 +1.767490510e-01 +2.141867491e+02 +2.141867491e+02 +2.7962e-01 -1.2431e+00 +3.4182e-01 +5.0227e-01 -1.3608e+00
5009 0 +1.725010257e-01 +2.141825010e+02 +2.141825010e+02 +2.7779e-01 -1.2436e+00 +3.4469e-01 +5.0288e-01 -1.3601e+00
5024 0 +1.697555718e-01 +2.141797556e+02 +2.141797556e+02 +2.7797e-01 -1.2437e+00 +3.4436e-01 +5.0290e-01 -1.3600e+00
8230 0 +1.534335699e-01 +2.141634336e+02 +2.141634336e+02 +1.1890e-02 -1.1414e+00 +4.4350e-01 +7.9709e-01 -9.7213e-01
8232 0 +1.258678204e-01 +2.141358678e+02 +2.141358678e+02 +1.1946e-02 -1.1409e+00 +4.4727e-01 +7.9691e-01 -9.7065e-01
8234 0 +1.220171375e-01 +2.141320171e+02 +2.141320171e+02 +1.1915e-02 -1.1416e+00 +4.4570e-01 +7.9784e-01 -9.7198e-01
8237 0 +1.106481438e-01 +2.141206481e+02 +2.141206481e+02 +1.1948e-02 -1.1414e+00 +4.4722e-01 +7.9693e-01 -9.7235e-01
8245 0 +1.050536101e-01 +2.141150536e+02 +2.141150536e+02 +1.1948e-02 -1.1412e+00 +4.4602e-01 +7.9745e-01 -9.7042e-01
8249 0 +1.013519606e-01 +2.141113520e+02 +2.141113520e+02 +1.1932e-02 -1.1413e+00 +4.4623e-01 +7.9759e-01 -9.7151e-01
8258 0 +9.938870821e-02 +2.141093887e+02 +2.141093887e+02 +1.1944e-02 -1.1412e+00 +4.4617e-01 +7.9747e-01 -9.7087e-01
20000 0 +9.817445793e-02 +2.141081745e+02 +2.141081745e+02 +1.1941e-02 -1.1413e+00 +4.4625e-01 +7.9744e-01 -9.7122e-01
% f evaluations | g evaluations | best noise-free fitness - Fopt (-5.848000000000e+01) + sum g_i+ | measured fitness | best measured fitness or single-digit g-values | x1 | x2...
1 0 +2.922709991e+01 -2.925290009e+01 -2.925290009e+01 +2.7396e+00 -6.1122e-01 +3.5860e+00 +1.9737e+00 -4.0582e+00
3 0 +1.921600638e+01 -3.926399362e+01 -3.926399362e+01 -1.2920e+00 +4.2676e+00 +1.4387e+00 +3.2276e+00 -5.6586e-01
9 0 +9.204302552e+00 -4.927569745e+01 -4.927569745e+01 -6.2848e-01 +3.3268e+00 +2.0027e+00 -1.8763e+00 +3.3226e+00
27 0 +4.085964924e+00 -5.439403508e+01 -5.439403508e+01 -3.2941e+00 +4.2512e+00 +8.1061e-01 -1.5313e+00 +9.0915e-01
140 0 +4.085964924e+00 -5.439403508e+01 -5.439403508e+01 -3.2941e+00 +4.2512e+00 +8.1061e-01 -1.5313e+00 +9.0915e-01
% f evaluations | g evaluations | best noise-free fitness - Fopt (-6.130800000000e+02) + sum g_i+ | measured fitness | best measured fitness or single-digit g-values | x1 | x2...
1 0 +4.235411390e+01 -5.707258861e+02 -5.707258861e+02 +2.7396e+00 -6.1122e-01 +3.5860e+00 +1.9737e+00 -4.0582e+00
3 0 +4.119863503e+01 -5.718813650e+02 -5.718813650e+02 -1.2920e+00 +4.2676e+00 +1.4387e+00 +3.2276e+00 -5.6586e-01
7 0 +7.305983693e+00 -6.057740163e+02 -6.057740163e+02 +2.4476e+00 +4.6751e+00 -1.7417e+00 -1.2954e+00 -3.0444e-01
112 0 +6.868725234e+00 -6.062112748e+02 -6.062112748e+02 +3.4089e+00 +1.5246e+00 -5.5522e-01 +2.3123e-01 -4.1504e-01
140 0 +6.868725234e+00 -6.062112748e+02 -6.062112748e+02 +3.4089e+00 +1.5246e+00 -5.5522e-01 +2.3123e-01 -4.1504e-01
% f evaluations | g evaluations | best noise-free fitness - Fopt (-1.025500000000e+02) + sum g_i+ | measured fitness | best measured fitness or single-digit g-values | x1 | x2...
1 0 +5.178871082e+01 -5.076128918e+01 -5.076128918e+01 +2.7396e+00 -6.1122e-01 +3.5860e+00 +1.9737e+00 -4.0582e+00
2 0 +2.435382729e+01 -7.819617271e+01 -7.819617271e+01 +4.7562e+00 +2.6114e+00 +2.8606e+00 -3.7189e+00 -4.9614e-01
9 0 +1.699433435e+01 -8.555566565e+01 -8.555566565e+01 -6.2848e-01 +3.3268e+00 +2.0027e+00 -1.8763e+00 +3.3226e+00
13 0 +1.559171044e+01 -8.695828956e+01 -8.695828956e+01 +1.6840e+00 -2.8904e-01 +6.5236e-01 +2.6500e+00 +1.3472e+00
16 0 +1.194359735e+01 -9.060640265e+01 -9.060640265e+01 -2.1862e+00 -2.0641e+00 +1.6192e+00 +5.7032e-01 +2.8390e+00
72 0 +1.077109904e+01 -9.177890096e+01 -9.177890096e+01 +2.2632e-01 +2.6392e+00 +2.9924e+00 -7.8468e-02 +9.9593e-01
88 0 +5.845678360e+00 -9.670432164e+01 -9.670432164e+01 -2.9822e+00 -3.7508e+00 +4.5310e-02 +2.4519e+00 +1.3001e+00
140 0 +5.845678360e+00 -9.670432164e+01 -9.670432164e+01 -2.9822e+00 -3.7508e+00 +4.5310e-02 +2.4519e+00 +1.3001e+00
% f evaluations | g evaluations | best noise-free fitness - Fopt (7.169000000000e+01) + sum g_i+ | measured fitness | best measured fitness or single-digit g-values | x1 | x2...
1 0 +5.576579509e+01 +1.274557951e+02 +1.274557951e+02 +2.7396e+00 -6.1122e-01 +3.5860e+00 +1.9737e+00 -4.0582e+00
3 0 +2.160142688e+01 +9.329142688e+01 +9.329142688e+01 -1.2920e+00 +4.2676e+00 +1.4387e+00 +3.2276e+00 -5.6586e-01
8 0 +1.500747544e+01 +8.669747544e+01 +8.669747544e+01 -3.1053e+00 -3.7008e+00 -2.4295e-01 -2.7309e+00 +1.6981e+00
26 0 +1.367154766e+01 +8.536154766e+01 +8.536154766e+01 -6.0092e-02 -1.7014e+00 -3.5548e+00 -3.9660e+00 +8.7645e-01
45 0 +8.516550218e+00 +8.020655022e+01 +8.020655022e+01 -1.9905e+00 -1.1416e-01 +1.6286e+00 +4.5562e+00 -2.1355e+00
193 0 +7.905414147e+00 +7.959541415e+01 +7.959541415e+01 +6.7871e-02 -3.1326e-01 -3.5548e+00 -3.7172e+00 +2.4369e+00
210 0 +5.933874540e+00 +7.762387454e+01 +7.762387454e+01 +1.3028e+00 -4.7010e-01 -9.3163e-01 -4.2745e+00 +4.6190e+00
229 0 +5.472964643e+00 +7.716296464e+01 +7.716296464e+01 -5.5059e-01 -2.4436e-02 +4.5310e-02 -7.5884e-01 +1.3001e+00
260 0 +3.565788093e+00 +7.525578809e+01 +7.525578809e+01 -1.2799e+00 -6.4903e-01 +1.7510e+00 +7.6095e-02 +3.3908e+00
366 0 +3.539848485e+00 +7.522984849e+01 +7.522984849e+01 +3.1080e-01 -4.7010e-01 -9.3163e-01 -4.2745e+00 +4.4696e+00
370 0 +3.462769452e+00 +7.515276945e+01 +7.515276945e+01 -1.5513e+00 -2.0064e-01 +5.0155e-01 -1.6919e+00 +2.8926e+00
456 0 +1.441928533e+00 +7.313192853e+01 +7.313192853e+01 -1.1406e+00 -2.7429e-01 +6.6124e-01 -1.0946e+00 +2.3778e+00
551 0 +1.149836569e+00 +7.283983657e+01 +7.283983657e+01 -5.8864e-01 +7.9503e-01 +4.7677e-01 -1.0478e+00 +2.2361e+00
3306 0 +6.833267198e-01 +7.237332672e+01 +7.237332672e+01 +1.3372e+00 -1.4527e+00 +1.1798e+00 -6.3285e-02 +9.9570e-01
10819 0 +5.361654218e-01 +7.222616542e+01 +7.222616542e+01 +1.9803e+00 +3.2891e-01 +5.3067e-01 -6.6282e-02 -4.7636e-01
11922 0 +5.236387549e-01 +7.221363875e+01 +7.221363875e+01 +1.9982e+00 +3.4845e-01 +2.4940e-01 +3.1279e-02 -3.5916e-01
11929 0 +5.092363449e-01 +7.219923634e+01 +7.219923634e+01 +1.9982e+00 +3.4889e-01 +2.4919e-01 +3.1077e-02 -3.5955e-01
11930 0 +4.990196184e-01 +7.218901962e+01 +7.218901962e+01 +1.9982e+00 +3.4907e-01 +2.4895e-01 +3.0976e-02 -3.5994e-01
11935 0 +4.872538377e-01 +7.217725384e+01 +7.217725384e+01 +1.9980e+00 +3.4922e-01 +2.4809e-01 +3.0749e-02 -3.6153e-01
11937 0 +4.690639385e-01 +7.215906394e+01 +7.215906394e+01 +1.9980e+00 +3.4972e-01 +2.4786e-01 +3.0553e-02 -3.6175e-01
11940 0 +4.596008798e-01 +7.214960088e+01 +7.214960088e+01 +1.9978e+00 +3.4968e-01 +2.4747e-01 +3.0523e-02 -3.6246e-01
11941 0 +4.449709145e-01 +7.213497091e+01 +7.213497091e+01 +1.9976e+00 +3.4988e-01 +2.4680e-01 +3.0369e-02 -3.6355e-01
11947 0 +4.258169491e-01 +7.211581695e+01 +7.211581695e+01 +1.9977e+00 +3.5033e-01 +2.4652e-01 +3.0198e-02 -3.6382e-01
11951 0 +4.010715662e-01 +7.209107157e+01 +7.209107157e+01 +1.9971e+00 +3.5058e-01 +2.4497e-01 +2.9902e-02 -3.6637e-01
11952 0 +3.909105995e-01 +7.208091060e+01 +7.208091060e+01 +1.9968e+00 +3.5064e-01 +2.4413e-01 +2.9796e-02 -3.6768e-01
11955 0 +3.870247830e-01 +7.207702478e+01 +7.207702478e+01 +1.9968e+00 +3.5091e-01 +2.4429e-01 +2.9809e-02 -3.6714e-01
13120 0 +3.711924129e-01 +7.206119241e+01 +7.206119241e+01 +1.9417e+00 +3.7824e-01 +2.7206e-01 +1.0244e-01 -4.2628e-01
13136 0 +3.627794057e-01 +7.205277941e+01 +7.205277941e+01 +1.9414e+00 +3.7907e-01 +2.7086e-01 +1.0200e-01 -4.2802e-01
20000 0 +3.612828427e-01 +7.205128284e+01 +7.205128284e+01 +1.9415e+00 +3.7894e-01 +2.7121e-01 +1.0214e-01 -4.2750e-01
% f evaluations | g evaluations | best noise-free fitness - Fopt (2.140100000000e+02) + sum g_i+ | measured fitness | best measured fitness or single-digit g-values | x1 | x2...
1 0 +3.720599525e+01 +2.512159953e+02 +2.512159953e+02 +2.7396e+00 -6.1122e-01 +3.5860e+00 +1.9737e+00 -4.0582e+00
3 0 +2.689200711e+01 +2.409020071e+02 +2.409020071e+02 -1.2920e+00 +4.2676e+00 +1.4387e+00 +3.2276e+00 -5.6586e-01
9 0 +2.049582897e+01 +2.345058290e+02 +2.345058290e+02 -6.2848e-01 +3.3268e+00 +2.0027e+00 -1.8763e+00 +3.3226e+00
10 0 +1.368788744e+01 +2.276978874e+02 +2.276978874e+02 +3.0476e+00 -1.1252e+00 -2.1167e+00 +1.8250e+00 -3.6025e+00
38 0 +1.151219650e+01 +2.255221965e+02 +2.255221965e+02 +1.6166e+00 -1.2634e+00 -4.0553e+00 +2.4679e+00 -2.3754e+00
63 0 +8.776553998e+00 +2.227865540e+02 +2.227865540e+02 -2.2123e-01 -8.3111e-01 -2.6743e+00 -1.3249e+00 -1.3361e+00
192 0 +4.905142203e+00 +2.189151422e+02 +2.189151422e+02 -1.3516e-01 +1.8505e+00 -8.4783e-01 -2.0630e-01 -2.0728e+00
477 0 +4.529915246e+00 +2.185399152e+02 +2.185399152e+02 -2.0379e+00 -1.5133e+00 +1.2292e+00 -2.2700e+00 -3.4240e-01
598 0 +3.603559546e+00 +2.176135595e+02 +2.176135595e+02 -1.7237e+00 +1.6885e-03 -8.3945e-02 +8.8456e-01 -1.9868e+00
642 0 +2.859641950e+00 +2.168696419e+02 +2.168696419e+02 -2.4706e+00 +1.6992e-01 +7.0353e-01 +1.0353e+00 +5.9304e-02
673 0 +2.621066497e+00 +2.166310665e+02 +2.166310665e+02 +1.9033e-01 -1.6002e+00 -1.3295e+00 -1.2008e+00 -1.3807e+00
1260 0 +1.561606414e+00 +2.155716064e+02 +2.155716064e+02 -1.1856e+00 +1.3710e+00 +1.7021e+00 +8.7770e-01 +3.4794e-01
1395 0 +1.401866497e+00 +2.154118665e+02 +2.154118665e+02 -1.7176e+00 -6.0417e-01 +2.5194e+00 +9.5804e-02 +7.2555e-01
2312 0 +1.176226333e+00 +2.151862263e+02 +2.151862263e+02 +6.0294e-01 -7.8032e-01 +1.8505e+00 +2.1148e-01 +8.2093e-01
3329 0 +9.778779698e-01 +2.149878780e+02 +2.149878780e+02 +4.9604e-01 -1.1129e+00 +7.0909e-01 +1.3198e-01 -9.5672e-01
4967 0 +9.521555858e-01 +2.149621556e+02 +2.149621556e+02 +2.6304e-01 -1.2482e+00 +3.6724e-01 +5.1084e-01 -1.3530e+00
4968 0 +8.345294820e-01 +2.148445295e+02 +2.148445295e+02 +2.6438e-01 -1.2477e+00 +3.6511e-01 +5.0991e-01 -1.3539e+00
4972 0 +8.233986729e-01 +2.148333987e+02 +2.148333987e+02 +2.6789e-01 -1.2458e+00 +3.5977e-01 +5.0758e-01 -1.3567e+00
4974 0 +7.313160988e-01 +2.147413161e+02 +2.147413161e+02 +2.6790e-01 -1.2461e+00 +3.5995e-01 +5.0699e-01 -1.3558e+00
4975 0 +6.872595428e-01 +2.146972595e+02 +2.146972595e+02 +2.6986e-01 -1.2454e+00 +3.5709e-01 +5.0515e-01 -1.3567e+00
4976 0 +6.417327493e-01 +2.146517327e+02 +2.146517327e+02 +2.6818e-01 -1.2461e+00 +3.5942e-01 +5.0805e-01 -1.3558e+00
4977 0 +5.433358599e-01 +2.145533359e+02 +2.145533359e+02 +2.6955e-01 -1.2457e+00 +3.5733e-01 +5.0792e-01 -1.3562e+00
4979 0 +5.134446690e-01 +2.145234447e+02 +2.145234447e+02 +2.7102e-01 -1.2451e+00 +3.5491e-01 +5.0552e-01 -1.3579e+00
4980 0 +4.772924663e-01 +2.144872925e+02 +2.144872925e+02 +2.7432e-01 -1.2439e+00 +3.4955e-01 +5.0345e-01 -1.3600e+00
4982 0 +3.364582122e-01 +2.143464582e+02 +2.143464582e+02 +2.7435e-01 -1.2445e+00 +3.5033e-01 +5.0309e-01 -1.3585e+00
4983 0 +3.225739922e-01 +2.143325740e+02 +2.143325740e+02 +2.7757e-01 -1.2439e+00 +3.4561e-01 +5.0084e-01 -1.3594e+00
4984 0 +2.539217824e-01 +2.142639218e+02 +2.142639218e+02 +2.7546e-01 -1.2443e+00 +3.4842e-01 +5.0379e-01 -1.3596e+00
4987 0 +1.782723167e-01 +2.141882723e+02 +2.141882723e+02 +2.7651e-01 -1.2441e+00 +3.4634e-01 +5.0371e-01 -1.3593e+00
5003 0 +1.767490510e-01 +2.141867491e+02 +2.141867491e+02 +2.7962e-01 -1.2431e+00 +3.4182e-01 +5.0227e-01 -1.3608e+00
5009 0 +1.725010257e-01 +2.141825010e+02 +2.141825010e+02 +2.7779e-01 -1.2436e+00 +3.4469e-01 +5.0288e-01 -1.3601e+00
5024 0 +1.697555718e-01 +2.141797556e+02 +2.141797556e+02 +2.7797e-01 -1.2437e+00 +3.4436e-01 +5.0290e-01 -1.3600e+00
8230 0 +1.534335699e-01 +2.141634336e+02 +2.141634336e+02 +1.1890e-02 -1.1414e+00 +4.4350e-01 +7.9709e-01 -9.7213e-01
8232 0 +1.258678204e-01 +2.141358678e+02 +2.141358678e+02 +1.1946e-02 -1.1409e+00 +4.4727e-01 +7.9691e-01 -9.7065e-01
8234 0 +1.220171375e-01 +2.141320171e+02 +2.141320171e+02 +1.1915e-02 -1.1416e+00 +4.4570e-01 +7.9784e-01 -9.7198e-01
8237 0 +1.106481438e-01 +2.141206481e+02 +2.141206481e+02 +1.1948e-02 -1.1414e+00 +4.4722e-01 +7.9693e-01 -9.7235e-01
8245 0 +1.050536101e-01 +2.141150536e+02 +2.141150536e+02 +1.1948e-02 -1.1412e+00 +4.4602e-01 +7.9745e-01 -9.7042e-01
8249 0 +1.013519606e-01 +2.141113520e+02 +2.141113520e+02 +1.1932e-02 -1.1413e+00 +4.4623e-01 +7.9759e-01 -9.7151e-01
8258 0 +9.938870821e-02 +2.141093887e+02 +2.141093887e+02 +1.1944e-02 -1.1412e+00 +4.4617e-01 +7.9747e-01 -9.7087e-01
20000 0 +9.817445793e-02 +2.141081745e+02 +2.141081745e+02 +1.1941e-02 -1.1413e+00 +4.4625e-01 +7.9744e-01 -9.7122e-01
% f evaluations | g evaluations | best noise-free fitness - Fopt (-5.848000000000e+01) + sum g_i+ | measured fitness | best measured fitness or single-digit g-values | x1 | x2...
1 0 +2.922709991e+01 -2.925290009e+01 -2.925290009e+01 +2.7396e+00 -6.1122e-01 +3.5860e+00 +1.9737e+00 -4.0582e+00
3 0 +1.921600638e+01 -3.926399362e+01 -3.926399362e+01 -1.2920e+00 +4.2676e+00 +1.4387e+00 +3.2276e+00 -5.6586e-01
9 0 +9.204302552e+00 -4.927569745e+01 -4.927569745e+01 -6.2848e-01 +3.3268e+00 +2.0027e+00 -1.8763e+00 +3.3226e+00
27 0 +4.085964924e+00 -5.439403508e+01 -5.439403508e+01 -3.2941e+00 +4.2512e+00 +8.1061e-01 -1.5313e+00 +9.0915e-01
140 0 +4.085964924e+00 -5.439403508e+01 -5.439403508e+01 -3.2941e+00 +4.2512e+00 +8.1061e-01 -1.5313e+00 +9.0915e-01
% f evaluations | g evaluations | best noise-free fitness - Fopt (-6.130800000000e+02) + sum g_i+ | measured fitness | best measured fitness or single-digit g-values | x1 | x2...
1 0 +4.235411390e+01 -5.707258861e+02 -5.707258861e+02 +2.7396e+00 -6.1122e-01 +3.5860e+00 +1.9737e+00 -4.0582e+00
3 0 +4.119863503e+01 -5.718813650e+02 -5.718813650e+02 -1.2920e+00 +4.2676e+00 +1.4387e+00 +3.2276e+00 -5.6586e-01
7 0 +7.305983693e+00 -6.057740163e+02 -6.057740163e+02 +2.4476e+00 +4.6751e+00 -1.7417e+00 -1.2954e+00 -3.0444e-01
112 0 +6.868725234e+00 -6.062112748e+02 -6.062112748e+02 +3.4089e+00 +1.5246e+00 -5.5522e-01 +2.3123e-01 -4.1504e-01
140 0 +6.868725234e+00 -6.062112748e+02 -6.062112748e+02 +3.4089e+00 +1.5246e+00 -5.5522e-01 +2.3123e-01 -4.1504e-01
% f evaluations | g evaluations | best noise-free fitness - Fopt (-1.025500000000e+02) + sum g_i+ | measured fitness | best measured fitness or single-digit g-values | x1 | x2...
1 0 +5.178871082e+01 -5.076128918e+01 -5.076128918e+01 +2.7396e+00 -6.1122e-01 +3.5860e+00 +1.9737e+00 -4.0582e+00
2 0 +2.435382729e+01 -7.819617271e+01 -7.819617271e+01 +4.7562e+00 +2.6114e+00 +2.8606e+00 -3.7189e+00 -4.9614e-01
9 0 +1.699433435e+01 -8.555566565e+01 -8.555566565e+01 -6.2848e-01 +3.3268e+00 +2.0027e+00 -1.8763e+00 +3.3226e+00
13 0 +1.559171044e+01 -8.695828956e+01 -8.695828956e+01 +1.6840e+00 -2.8904e-01 +6.5236e-01 +2.6500e+00 +1.3472e+00
16 0 +1.194359735e+01 -9.060640265e+01 -9.060640265e+01 -2.1862e+00 -2.0641e+00 +1.6192e+00 +5.7032e-01 +2.8390e+00
72 0 +1.077109904e+01 -9.177890096e+01 -9.177890096e+01 +2.2632e-01 +2.6392e+00 +2.9924e+00 -7.8468e-02 +9.9593e-01
88 0 +5.845678360e+00 -9.670432164e+01 -9.670432164e+01 -2.9822e+00 -3.7508e+00 +4.5310e-02 +2.4519e+00 +1.3001e+00
140 0 +5.845678360e+00 -9.670432164e+01 -9.670432164e+01 -2.9822e+00 -3.7508e+00 +4.5310e-02 +2.4519e+00 +1.3001e+00
% f evaluations | g evaluations | best noise-free fitness - Fopt (7.169000000000e+01) + sum g_i+ | measured fitness | best measured fitness or single-digit g-values | x1 | x2...
1 0 +5.576579509e+01 +1.274557951e+02 +1.274557951e+02 +2.7396e+00 -6.1122e-01 +3.5860e+00 +1.9737e+00 -4.0582e+00
3 0 +2.160142688e+01 +9.329142688e+01 +9.329142688e+01 -1.2920e+00 +4.2676e+00 +1.4387e+00 +3.2276e+00 -5.6586e-01
8 0 +1.500747544e+01 +8.669747544e+01 +8.669747544e+01 -3.1053e+00 -3.7008e+00 -2.4295e-01 -2.7309e+00 +1.6981e+00
26 0 +1.367154766e+01 +8.536154766e+01 +8.536154766e+01 -6.0092e-02 -1.7014e+00 -3.5548e+00 -3.9660e+00 +8.7645e-01
45 0 +8.516550218e+00 +8.020655022e+01 +8.020655022e+01 -1.9905e+00 -1.1416e-01 +1.6286e+00 +4.5562e+00 -2.1355e+00
193 0 +7.905414147e+00 +7.959541415e+01 +7.959541415e+01 +6.7871e-02 -3.1326e-01 -3.5548e+00 -3.7172e+00 +2.4369e+00
210 0 +5.933874540e+00 +7.762387454e+01 +7.762387454e+01 +1.3028e+00 -4.7010e-01 -9.3163e-01 -4.2745e+00 +4.6190e+00
229 0 +5.472964643e+00 +7.716296464e+01 +7.716296464e+01 -5.5059e-01 -2.4436e-02 +4.5310e-02 -7.5884e-01 +1.3001e+00
260 0 +3.565788093e+00 +7.525578809e+01 +7.525578809e+01 -1.2799e+00 -6.4903e-01 +1.7510e+00 +7.6095e-02 +3.3908e+00
366 0 +3.539848485e+00 +7.522984849e+01 +7.522984849e+01 +3.1080e-01 -4.7010e-01 -9.3163e-01 -4.2745e+00 +4.4696e+00
370 0 +3.462769452e+00 +7.515276945e+01 +7.515276945e+01 -1.5513e+00 -2.0064e-01 +5.0155e-01 -1.6919e+00 +2.8926e+00
456 0 +1.441928533e+00 +7.313192853e+01 +7.313192853e+01 -1.1406e+00 -2.7429e-01 +6.6124e-01 -1.0946e+00 +2.3778e+00
551 0 +1.149836569e+00 +7.283983657e+01 +7.283983657e+01 -5.8864e-01 +7.9503e-01 +4.7677e-01 -1.0478e+00 +2.2361e+00
3306 0 +6.833267198e-01 +7.237332672e+01 +7.237332672e+01 +1.3372e+00 -1.4527e+00 +1.1798e+00 -6.3285e-02 +9.9570e-01
10819 0 +5.361654218e-01 +7.222616542e+01 +7.222616542e+01 +1.9803e+00 +3.2891e-01 +5.3067e-01 -6.6282e-02 -4.7636e-01
11922 0 +5.236387549e-01 +7.221363875e+01 +7.221363875e+01 +1.9982e+00 +3.4845e-01 +2.4940e-01 +3.1279e-02 -3.5916e-01
11929 0 +5.092363449e-01 +7.219923634e+01 +7.219923634e+01 +1.9982e+00 +3.4889e-01 +2.4919e-01 +3.1077e-02 -3.5955e-01
11930 0 +4.990196184e-01 +7.218901962e+01 +7.218901962e+01 +1.9982e+00 +3.4907e-01 +2.4895e-01 +3.0976e-02 -3.5994e-01
11935 0 +4.872538377e-01 +7.217725384e+01 +7.217725384e+01 +1.9980e+00 +3.4922e-01 +2.4809e-01 +3.0749e-02 -3.6153e-01
11937 0 +4.690639385e-01 +7.215906394e+01 +7.215906394e+01 +1.9980e+00 +3.4972e-01 +2.4786e-01 +3.0553e-02 -3.6175e-01
11940 0 +4.596008798e-01 +7.214960088e+01 +7.214960088e+01 +1.9978e+00 +3.4968e-01 +2.4747e-01 +3.0523e-02 -3.6246e-01
11941 0 +4.449709145e-01 +7.213497091e+01 +7.213497091e+01 +1.9976e+00 +3.4988e-01 +2.4680e-01 +3.0369e-02 -3.6355e-01
11947 0 +4.258169491e-01 +7.211581695e+01 +7.211581695e+01 +1.9977e+00 +3.5033e-01 +2.4652e-01 +3.0198e-02 -3.6382e-01
11951 0 +4.010715662e-01 +7.209107157e+01 +7.209107157e+01 +1.9971e+00 +3.5058e-01 +2.4497e-01 +2.9902e-02 -3.6637e-01
11952 0 +3.909105995e-01 +7.208091060e+01 +7.208091060e+01 +1.9968e+00 +3.5064e-01 +2.4413e-01 +2.9796e-02 -3.6768e-01
11955 0 +3.870247830e-01 +7.207702478e+01 +7.207702478e+01 +1.9968e+00 +3.5091e-01 +2.4429e-01 +2.9809e-02 -3.6714e-01
13120 0 +3.711924129e-01 +7.206119241e+01 +7.206119241e+01 +1.9417e+00 +3.7824e-01 +2.7206e-01 +1.0244e-01 -4.2628e-01
13136 0 +3.627794057e-01 +7.205277941e+01 +7.205277941e+01 +1.9414e+00 +3.7907e-01 +2.7086e-01 +1.0200e-01 -4.2802e-01
20000 0 +3.612828427e-01 +7.205128284e+01 +7.205128284e+01 +1.9415e+00 +3.7894e-01 +2.7121e-01 +1.0214e-01 -4.2750e-01
% f evaluations | g evaluations | best noise-free fitness - Fopt (2.140100000000e+02) + sum g_i+ | measured fitness | best measured fitness or single-digit g-values | x1 | x2...
1 0 +3.720599525e+01 +2.512159953e+02 +2.512159953e+02 +2.7396e+00 -6.1122e-01 +3.5860e+00 +1.9737e+00 -4.0582e+00
3 0 +2.689200711e+01 +2.409020071e+02 +2.409020071e+02 -1.2920e+00 +4.2676e+00 +1.4387e+00 +3.2276e+00 -5.6586e-01
9 0 +2.049582897e+01 +2.345058290e+02 +2.345058290e+02 -6.2848e-01 +3.3268e+00 +2.0027e+00 -1.8763e+00 +3.3226e+00
10 0 +1.368788744e+01 +2.276978874e+02 +2.276978874e+02 +3.0476e+00 -1.1252e+00 -2.1167e+00 +1.8250e+00 -3.6025e+00
38 0 +1.151219650e+01 +2.255221965e+02 +2.255221965e+02 +1.6166e+00 -1.2634e+00 -4.0553e+00 +2.4679e+00 -2.3754e+00
63 0 +8.776553998e+00 +2.227865540e+02 +2.227865540e+02 -2.2123e-01 -8.3111e-01 -2.6743e+00 -1.3249e+00 -1.3361e+00
192 0 +4.905142203e+00 +2.189151422e+02 +2.189151422e+02 -1.3516e-01 +1.8505e+00 -8.4783e-01 -2.0630e-01 -2.0728e+00
477 0 +4.529915246e+00 +2.185399152e+02 +2.185399152e+02 -2.0379e+00 -1.5133e+00 +1.2292e+00 -2.2700e+00 -3.4240e-01
598 0 +3.603559546e+00 +2.176135595e+02 +2.176135595e+02 -1.7237e+00 +1.6885e-03 -8.3945e-02 +8.8456e-01 -1.9868e+00
642 0 +2.859641950e+00 +2.168696419e+02 +2.168696419e+02 -2.4706e+00 +1.6992e-01 +7.0353e-01 +1.0353e+00 +5.9304e-02
673 0 +2.621066497e+00 +2.166310665e+02 +2.166310665e+02 +1.9033e-01 -1.6002e+00 -1.3295e+00 -1.2008e+00 -1.3807e+00
1260 0 +1.561606414e+00 +2.155716064e+02 +2.155716064e+02 -1.1856e+00 +1.3710e+00 +1.7021e+00 +8.7770e-01 +3.4794e-01
1395 0 +1.401866497e+00 +2.154118665e+02 +2.154118665e+02 -1.7176e+00 -6.0417e-01 +2.5194e+00 +9.5804e-02 +7.2555e-01
2312 0 +1.176226333e+00 +2.151862263e+02 +2.151862263e+02 +6.0294e-01 -7.8032e-01 +1.8505e+00 +2.1148e-01 +8.2093e-01
3329 0 +9.778779698e-01 +2.149878780e+02 +2.149878780e+02 +4.9604e-01 -1.1129e+00 +7.0909e-01 +1.3198e-01 -9.5672e-01
4967 0 +9.521555858e-01 +2.149621556e+02 +2.149621556e+02 +2.6304e-01 -1.2482e+00 +3.6724e-01 +5.1084e-01 -1.3530e+00
4968 0 +8.345294820e-01 +2.148445295e+02 +2.148445295e+02 +2.6438e-01 -1.2477e+00 +3.6511e-01 +5.0991e-01 -1.3539e+00
4972 0 +8.233986729e-01 +2.148333987e+02 +2.148333987e+02 +2.6789e-01 -1.2458e+00 +3.5977e-01 +5.0758e-01 -1.3567e+00
4974 0 +7.313160988e-01 +2.147413161e+02 +2.147413161e+02 +2.6790e-01 -1.2461e+00 +3.5995e-01 +5.0699e-01 -1.3558e+00
4975 0 +6.872595428e-01 +2.146972595e+02 +2.146972595e+02 +2.6986e-01 -1.2454e+00 +3.5709e-01 +5.0515e-01 -1.3567e+00
4976 0 +6.417327493e-01 +2.146517327e+02 +2.146517327e+02 +2.6818e-01 -1.2461e+00 +3.5942e-01 +5.0805e-01 -1.3558e+00
4977 0 +5.433358599e-01 +2.145533359e+02 +2.145533359e+02 +2.6955e-01 -1.2457e+00 +3.5733e-01 +5.0792e-01 -1.3562e+00
4979 0 +5.134446690e-01 +2.145234447e+02 +2.145234447e+02 +2.7102e-01 -1.2451e+00 +3.5491e-01 +5.0552e-01 -1.3579e+00
4980 0 +4.772924663e-01 +2.144872925e+02 +2.144872925e+02 +2.7432e-01 -1.2439e+00 +3.4955e-01 +5.0345e-01 -1.3600e+00
4982 0 +3.364582122e-01 +2.143464582e+02 +2.143464582e+02 +2.7435e-01 -1.2445e+00 +3.5033e-01 +5.0309e-01 -1.3585e+00
4983 0 +3.225739922e-01 +2.143325740e+02 +2.143325740e+02 +2.7757e-01 -1.2439e+00 +3.4561e-01 +5.0084e-01 -1.3594e+00
4984 0 +2.539217824e-01 +2.142639218e+02 +2.142639218e+02 +2.7546e-01 -1.2443e+00 +3.4842e-01 +5.0379e-01 -1.3596e+00
4987 0 +1.782723167e-01 +2.141882723e+02 +2.141882723e+02 +2.7651e-01 -1.2441e+00 +3.4634e-01 +5.0371e-01 -1.3593e+00
5003 0 +1.767490510e-01 +2.141867491e+02 +2.141867491e+02 +2.7962e-01 -1.2431e+00 +3.4182e-01 +5.0227e-01 -1.3608e+00
5009 0 +1.725010257e-01 +2.141825010e+02 +2.141825010e+02 +2.7779e-01 -1.2436e+00 +3.4469e-01 +5.0288e-01 -1.3601e+00
5024 0 +1.697555718e-01 +2.141797556e+02 +2.141797556e+02 +2.7797e-01 -1.2437e+00 +3.4436e-01 +5.0290e-01 -1.3600e+00
8230 0 +1.534335699e-01 +2.141634336e+02 +2.141634336e+02 +1.1890e-02 -1.1414e+00 +4.4350e-01 +7.9709e-01 -9.7213e-01
8232 0 +1.258678204e-01 +2.141358678e+02 +2.141358678e+02 +1.1946e-02 -1.1409e+00 +4.4727e-01 +7.9691e-01 -9.7065e-01
8234 0 +1.220171375e-01 +2.141320171e+02 +2.141320171e+02 +1.1915e-02 -1.1416e+00 +4.4570e-01 +7.9784e-01 -9.7198e-01
8237 0 +1.106481438e-01 +2.141206481e+02 +2.141206481e+02 +1.1948e-02 -1.1414e+00 +4.4722e-01 +7.9693e-01 -9.7235e-01
8245 0 +1.050536101e-01 +2.141150536e+02 +2.141150536e+02 +1.1948e-02 -1.1412e+00 +4.4602e-01 +7.9745e-01 -9.7042e-01
8249 0 +1.013519606e-01 +2.141113520e+02 +2.141113520e+02 +1.1932e-02 -1.1413e+00 +4.4623e-01 +7.9759e-01 -9.7151e-01
8258 0 +9.938870821e-02 +2.141093887e+02 +2.141093887e+02 +1.1944e-02 -1.1412e+00 +4.4617e-01 +7.9747e-01 -9.7087e-01
20000 0 +9.817445793e-02 +2.141081745e+02 +2.141081745e+02 +1.1941e-02 -1.1413e+00 +4.4625e-01 +7.9744e-01 -9.7122e-01
% f evaluations | g evaluations | best noise-free fitness - Fopt (-5.848000000000e+01) + sum g_i+ | measured fitness | best measured fitness or single-digit g-values | x1 | x2...
1 0 +2.922709991e+01 -2.925290009e+01 -2.925290009e+01 +2.7396e+00 -6.1122e-01 +3.5860e+00 +1.9737e+00 -4.0582e+00
3 0 +1.921600638e+01 -3.926399362e+01 -3.926399362e+01 -1.2920e+00 +4.2676e+00 +1.4387e+00 +3.2276e+00 -5.6586e-01
9 0 +9.204302552e+00 -4.927569745e+01 -4.927569745e+01 -6.2848e-01 +3.3268e+00 +2.0027e+00 -1.8763e+00 +3.3226e+00
27 0 +4.085964924e+00 -5.439403508e+01 -5.439403508e+01 -3.2941e+00 +4.2512e+00 +8.1061e-01 -1.5313e+00 +9.0915e-01
140 0 +4.085964924e+00 -5.439403508e+01 -5.439403508e+01 -3.2941e+00 +4.2512e+00 +8.1061e-01 -1.5313e+00 +9.0915e-01
% f evaluations | g evaluations | best noise-free fitness - Fopt (-6.130800000000e+02) + sum g_i+ | measured fitness | best measured fitness or single-digit g-values | x1 | x2...
1 0 +4.235411390e+01 -5.707258861e+02 -5.707258861e+02 +2.7396e+00 -6.1122e-01 +3.5860e+00 +1.9737e+00 -4.0582e+00
3 0 +4.119863503e+01 -5.718813650e+02 -5.718813650e+02 -1.2920e+00 +4.2676e+00 +1.4387e+00 +3.2276e+00 -5.6586e-01
7 0 +7.305983693e+00 -6.057740163e+02 -6.057740163e+02 +2.4476e+00 +4.6751e+00 -1.7417e+00 -1.2954e+00 -3.0444e-01
112 0 +6.868725234e+00 -6.062112748e+02 -6.062112748e+02 +3.4089e+00 +1.5246e+00 -5.5522e-01 +2.3123e-01 -4.1504e-01
140 0 +6.868725234e+00 -6.062112748e+02 -6.062112748e+02 +3.4089e+00 +1.5246e+00 -5.5522e-01 +2.3123e-01 -4.1504e-01
