% f evaluations | g evaluations | best noise-free fitness - Fopt (-1.025500000000e+02) + sum g_i+ | measured fitness | best measured fitness or single-digit g-values | x1 | x2...
1 0 +5.251770048e+01 -5.003229952e+01 -5.003229952e+01 +2.7396e+00 -6.1122e-01 +3.5860e+00 +1.9737e+00 -4.0582e+00 +4.7562e+00 +2.6114e+00 +2.8606e+00 -3.7189e+00 -4.9614e-01
2 0 +3.419598518e+01 -6.835401482e+01 -6.835401482e+01 -1.2920e+00 +4.2676e+00 +1.4387e+00 +3.2276e+00 -5.6586e-01 -2.7276e+00 +5.4585e-01 -4.3618e+00 +3.2763e+00 +1.3166e+00
4 0 +3.258229376e+01 -6.996770624e+01 -6.996770624e+01 +2.4476e+00 +4.6751e+00 -1.7417e+00 -1.2954e+00 -3.0444e-01 -3.1053e+00 -3.7008e+00 -2.4295e-01 -2.7309e+00 +1.6981e+00
7 0 +2.593047449e+01 -7.661952551e+01 -7.661952551e+01 +1.6840e+00 -2.8904e-01 +6.5236e-01 +2.6500e+00 +1.3472e+00 +5.3579e-01 +5.9207e-01 -1.9605e+00 -4.6918e+00 -6.3283e-01
12 0 +1.811309314e+01 -8.443690686e+01 -8.443690686e+01 -4.4224e-01 -2.9764e+00 -1.9404e+00 +7.9220e-01 -3.2323e+00 +3.5661e+00 +2.5852e+00 +2.1946e+00 -6.7907e-01 +1.2731e+00
38 0 +1.652996413e+01 -8.602003587e+01 -8.602003587e+01 +2.6253e+00 -2.2947e+00 -1.3581e+00 -1.8556e+00 -3.4239e+00 -3.5222e+00 +4.3613e+00 -6.2096e-01 -1.1668e+00 +2.2969e+00
50 0 +1.350767251e+01 -8.904232749e+01 -8.904232749e+01 +2.0200e+00 +1.4795e+00 +1.5243e+00 -1.8379e+00 +2.8743e+00 +4.9144e-01 -6.8582e-01 +1.2601e+00 -1.3934e+00 +1.2739e-01
198 0 +1.218596675e+01 -9.036403325e+01 -9.036403325e+01 +7.4491e-01 -7.6183e-01 +1.1871e+00 +1.6450e+00 -3.8273e-01 +2.2251e-01 -6.7380e-01 -8.3581e-01 +7.8548e-01 -1.9584e+00
199 0 +9.915505040e+00 -9.263449496e+01 -9.263449496e+01 +7.4831e-01 -2.8904e-01 +6.5236e-01 -2.4619e-01 +1.3472e+00 +1.1169e+00 +1.8208e+00 -1.9605e+00 -4.1264e+00 +1.8588e+00
230 0 +9.915505040e+00 -9.263449496e+01 -9.263449496e+01 +7.4831e-01 -2.8904e-01 +6.5236e-01 -2.4619e-01 +1.3472e+00 +1.1169e+00 +1.8208e+00 -1.9605e+00 -4.1264e+00 +1.8588e+00
% f evaluations | g evaluations | best noise-free fitness - Fopt (7.169000000000e+01) + sum g_i+ | measured fitness | best measured fitness or single-digit g-values | x1 | x2...
1 0 +6.715667498e+01 +1.388466750e+02 +1.388466750e+02 +2.7396e+00 -6.1122e-01 +3.5860e+00 +1.9737e+00 -4.0582e+00 +4.7562e+00 +2.6114e+00 +2.8606e+00 -3.7189e+00 -4.9614e-01
2 0 +4.621548515e+01 +1.179054851e+02 +1.179054851e+02 -1.2920e+00 +4.2676e+00 +1.4387e+00 +3.2276e+00 -5.6586e-01 -2.7276e+00 +5.4585e-01 -4.3618e+00 +3.2763e+00 +1.3166e+00
3 0 +3.181862907e+01 +1.035086291e+02 +1.035086291e+02 +2.5809e+00 -1.4547e+00 +4.7070e+00 +3.9312e+00 +2.7838e+00 -3.0536e+00 -3.3279e-01 -4.5620e+00 -3.4571e+00 +1.8305e+00
5 0 +2.876210548e+01 +1.004521055e+02 +1.004521055e+02 -6.2848e-01 +3.3268e+00 +2.0027e+00 -1.8763e+00 +3.3226e+00 +3.0476e+00 -1.1252e+00 -2.1167e+00 +1.8250e+00 -3.6025e+00
7 0 +2.131960373e+01 +9.300960373e+01 +9.300960373e+01 +1.6840e+00 -2.8904e-01 +6.5236e-01 +2.6500e+00 +1.3472e+00 +5.3579e-01 +5.9207e-01 -1.9605e+00 -4.6918e+00 -6.3283e-01
12 0 +1.406469997e+01 +8.575469997e+01 +8.575469997e+01 -4.4224e-01 -2.9764e+00 -1.9404e+00 +7.9220e-01 -3.2323e+00 +3.5661e+00 +2.5852e+00 +2.1946e+00 -6.7907e-01 +1.2731e+00
129 0 +1.314323666e+01 +8.483323666e+01 +8.483323666e+01 -1.4133e+00 -9.1331e-01 -6.8481e-01 +1.3315e+00 +4.2677e+00 +4.3278e+00 -1.0851e+00 -1.7074e+00 -4.8953e-01 +6.7934e-01
185 0 +1.113335748e+01 +8.282335748e+01 +8.282335748e+01 +2.0399e+00 +2.8858e-01 +6.4951e-01 +7.2431e-01 -3.4015e-01 +2.2632e-01 +9.2340e-01 +1.3804e+00 -7.0273e-01 -8.6371e-01
200 0 +1.029750285e+01 +8.198750285e+01 +8.198750285e+01 +2.0484e+00 -8.3338e-02 +4.0853e+00 +1.7845e+00 -3.5512e-01 -1.0849e+00 -1.2404e+00 -1.7813e+00 -1.3249e+00 -6.0389e-02
557 0 +9.696034761e+00 +8.138603476e+01 +8.138603476e+01 -2.0406e+00 +1.1685e+00 +3.7475e+00 +1.4839e+00 +5.7966e-01 +2.7010e-02 -4.0278e-01 -2.3203e-01 +1.1665e+00 -1.8573e-01
718 0 +9.417588237e+00 +8.110758824e+01 +8.110758824e+01 -2.0252e+00 +1.5135e+00 +3.3770e+00 +1.0865e+00 +7.6064e-01 +2.3059e-01 -4.4822e-01 -1.3788e-01 +1.3417e+00 -3.7710e-01
735 0 +9.139540729e+00 +8.082954073e+01 +8.082954073e+01 -2.3712e+00 -2.2443e+00 +9.1826e-02 +2.5545e-02 -6.1622e-01 +3.5535e+00 -7.3611e-01 +5.2372e-01 +4.0153e-01 -1.5748e+00
757 0 +8.988588927e+00 +8.067858893e+01 +8.067858893e+01 -2.4916e+00 +2.6488e+00 +5.5413e-01 +3.2270e-01 +8.5088e-01 -1.3846e+00 -4.7651e-01 -1.0144e+00 +1.7075e+00 -1.7720e+00
906 0 +8.908399104e+00 +8.059839910e+01 +8.059839910e+01 +6.8663e-01 -1.7751e+00 +1.4429e+00 +1.5160e+00 -2.1675e+00 -1.6972e+00 -1.9619e-01 -1.7294e+00 +8.6041e-01 +5.4480e-01
919 0 +7.181710543e+00 +7.887171054e+01 +7.887171054e+01 +4.2266e-01 -4.1738e-01 -1.6219e+00 +5.1549e-01 +1.3228e+00 +1.3835e+00 +4.7976e-01 +1.8687e+00 +6.4700e-01 +4.3807e-01
997 0 +7.041869315e+00 +7.873186931e+01 +7.873186931e+01 -3.6324e+00 -1.2107e+00 -1.6632e+00 -2.2642e+00 +1.8438e+00 +4.3243e+00 -5.4303e-01 -1.2970e-01 -1.0418e+00 -3.7385e+00
1633 0 +4.044881883e+00 +7.573488188e+01 +7.573488188e+01 +4.8020e-01 -5.6580e-01 +3.0275e-01 +1.5802e+00 -1.5256e+00 +4.7250e-01 -1.1947e+00 +1.2835e+00 -1.7259e-01 +7.0068e-01
3239 0 +1.954585847e+00 +7.364458585e+01 +7.364458585e+01 +1.1569e-01 +7.3236e-01 +1.0984e+00 -1.2924e+00 +5.1368e-01 -4.9381e-01 -9.3275e-01 +9.7304e-01 +7.5036e-02 -1.4328e+00
7132 0 +1.931066490e+00 +7.362106649e+01 +7.362106649e+01 -5.2845e-02 +1.0053e+00 +1.9007e+00 -1.3704e+00 +5.7416e-01 -9.6779e-01 -1.6620e+00 +1.4069e+00 -5.0191e-01 -1.8621e+00
7140 0 +1.885988881e+00 +7.357598888e+01 +7.357598888e+01 -5.2732e-02 +1.0065e+00 +1.9032e+00 -1.3713e+00 +5.7404e-01 -9.6905e-01 -1.6595e+00 +1.4058e+00 -5.0191e-01 -1.8614e+00
7141 0 +1.842849828e+00 +7.353284983e+01 +7.353284983e+01 -5.2628e-02 +1.0075e+00 +1.9046e+00 -1.3721e+00 +5.7418e-01 -9.7008e-01 -1.6573e+00 +1.4050e+00 -5.0184e-01 -1.8611e+00
7147 0 +1.804791698e+00 +7.349479170e+01 +7.349479170e+01 -5.2518e-02 +1.0087e+00 +1.9073e+00 -1.3726e+00 +5.7539e-01 -9.7037e-01 -1.6547e+00 +1.4035e+00 -5.0187e-01 -1.8606e+00
7156 0 +1.740459348e+00 +7.343045935e+01 +7.343045935e+01 -5.2514e-02 +1.0088e+00 +1.9067e+00 -1.3728e+00 +5.7500e-01 -9.7083e-01 -1.6545e+00 +1.4038e+00 -5.0180e-01 -1.8607e+00
7157 0 +1.729148100e+00 +7.341914810e+01 +7.341914810e+01 -5.2437e-02 +1.0097e+00 +1.9082e+00 -1.3734e+00 +5.7526e-01 -9.7138e-01 -1.6521e+00 +1.4034e+00 -5.0177e-01 -1.8605e+00
7164 0 +1.677562124e+00 +7.336756212e+01 +7.336756212e+01 -5.2197e-02 +1.0117e+00 +1.9092e+00 -1.3749e+00 +5.7609e-01 -9.7357e-01 -1.6486e+00 +1.4014e+00 -5.0129e-01 -1.8605e+00
7165 0 +1.650932093e+00 +7.334093209e+01 +7.334093209e+01 -5.1967e-02 +1.0139e+00 +1.9116e+00 -1.3765e+00 +5.7667e-01 -9.7573e-01 -1.6440e+00 +1.3996e+00 -5.0100e-01 -1.8601e+00
7177 0 +1.603521680e+00 +7.329352168e+01 +7.329352168e+01 -5.1696e-02 +1.0166e+00 +1.9130e+00 -1.3784e+00 +5.7728e-01 -9.7843e-01 -1.6385e+00 +1.3981e+00 -5.0040e-01 -1.8601e+00
7180 0 +1.577270260e+00 +7.326727026e+01 +7.326727026e+01 -5.1728e-02 +1.0163e+00 +1.9115e+00 -1.3784e+00 +5.7729e-01 -9.7785e-01 -1.6387e+00 +1.3991e+00 -5.0037e-01 -1.8606e+00
7196 0 +1.545594928e+00 +7.323559493e+01 +7.323559493e+01 -5.1643e-02 +1.0171e+00 +1.9122e+00 -1.3787e+00 +5.7762e-01 -9.7888e-01 -1.6376e+00 +1.3980e+00 -5.0020e-01 -1.8604e+00
7213 0 +1.506709059e+00 +7.319670906e+01 +7.319670906e+01 -5.1475e-02 +1.0187e+00 +1.9142e+00 -1.3798e+00 +5.7715e-01 -9.8177e-01 -1.6351e+00 +1.3963e+00 -5.0001e-01 -1.8595e+00
7220 0 +1.471189315e+00 +7.316118931e+01 +7.316118931e+01 -5.1515e-02 +1.0181e+00 +1.9104e+00 -1.3796e+00 +5.7796e-01 -9.8037e-01 -1.6360e+00 +1.3975e+00 -4.9962e-01 -1.8610e+00
7224 0 +1.438667019e+00 +7.312866702e+01 +7.312866702e+01 -5.1510e-02 +1.0182e+00 +1.9104e+00 -1.3796e+00 +5.7800e-01 -9.8056e-01 -1.6362e+00 +1.3973e+00 -4.9958e-01 -1.8609e+00
7235 0 +1.411421230e+00 +7.310142123e+01 +7.310142123e+01 -5.1220e-02 +1.0209e+00 +1.9118e+00 -1.3812e+00 +5.7848e-01 -9.8433e-01 -1.6316e+00 +1.3948e+00 -4.9904e-01 -1.8605e+00
7242 0 +1.377923515e+00 +7.306792351e+01 +7.306792351e+01 -5.1300e-02 +1.0202e+00 +1.9115e+00 -1.3806e+00 +5.7854e-01 -9.8354e-01 -1.6334e+00 +1.3948e+00 -4.9917e-01 -1.8604e+00
7269 0 +1.347238584e+00 +7.303723858e+01 +7.303723858e+01 -5.1195e-02 +1.0213e+00 +1.9134e+00 -1.3813e+00 +5.7906e-01 -9.8436e-01 -1.6308e+00 +1.3938e+00 -4.9919e-01 -1.8599e+00
7345 0 +1.318204228e+00 +7.300820423e+01 +7.300820423e+01 -5.1187e-02 +1.0215e+00 +1.9157e+00 -1.3813e+00 +5.7911e-01 -9.8465e-01 -1.6307e+00 +1.3928e+00 -4.9954e-01 -1.8590e+00
17395 0 +1.282697226e+00 +7.297269723e+01 +7.297269723e+01 -6.9084e-01 +1.3608e+00 +2.4014e+00 -1.4260e+00 +5.8351e-01 -1.0497e+00 -4.7727e-01 -1.2016e-01 -4.3464e-01 -2.0807e+00
17396 0 +1.248941454e+00 +7.293894145e+01 +7.293894145e+01 -6.9111e-01 +1.3609e+00 +2.4013e+00 -1.4262e+00 +5.8340e-01 -1.0496e+00 -4.7714e-01 -1.2018e-01 -4.3455e-01 -2.0809e+00
17400 0 +1.221963013e+00 +7.291196301e+01 +7.291196301e+01 -6.9104e-01 +1.3610e+00 +2.4016e+00 -1.4261e+00 +5.8327e-01 -1.0496e+00 -4.7723e-01 -1.2016e-01 -4.3467e-01 -2.0808e+00
17406 0 +1.197082012e+00 +7.288708201e+01 +7.288708201e+01 -6.9107e-01 +1.3607e+00 +2.4015e+00 -1.4262e+00 +5.8323e-01 -1.0498e+00 -4.7723e-01 -1.2017e-01 -4.3462e-01 -2.0808e+00
17409 0 +1.143688850e+00 +7.283368885e+01 +7.283368885e+01 -6.9153e-01 +1.3609e+00 +2.4008e+00 -1.4264e+00 +5.8302e-01 -1.0497e+00 -4.7700e-01 -1.2020e-01 -4.3446e-01 -2.0812e+00
17416 0 +1.095209824e+00 +7.278520982e+01 +7.278520982e+01 -6.9157e-01 +1.3612e+00 +2.4013e+00 -1.4264e+00 +5.8264e-01 -1.0498e+00 -4.7709e-01 -1.2021e-01 -4.3458e-01 -2.0812e+00
17418 0 +1.071465520e+00 +7.276146552e+01 +7.276146552e+01 -6.9176e-01 +1.3611e+00 +2.4009e+00 -1.4266e+00 +5.8264e-01 -1.0498e+00 -4.7697e-01 -1.2024e-01 -4.3444e-01 -2.0813e+00
17419 0 +1.042504468e+00 +7.273250447e+01 +7.273250447e+01 -6.9212e-01 +1.3611e+00 +2.4005e+00 -1.4268e+00 +5.8233e-01 -1.0499e+00 -4.7684e-01 -1.2027e-01 -4.3433e-01 -2.0815e+00
17448 0 +1.015595469e+00 +7.270559547e+01 +7.270559547e+01 -6.9217e-01 +1.3613e+00 +2.4004e+00 -1.4267e+00 +5.8201e-01 -1.0499e+00 -4.7688e-01 -1.2029e-01 -4.3446e-01 -2.0816e+00
17477 0 +9.986646897e-01 +7.268866469e+01 +7.268866469e+01 -6.9250e-01 +1.3613e+00 +2.4002e+00 -1.4269e+00 +5.8190e-01 -1.0497e+00 -4.7676e-01 -1.2033e-01 -4.3432e-01 -2.0818e+00
17530 0 +9.759841643e-01 +7.266598416e+01 +7.266598416e+01 -6.9229e-01 +1.3612e+00 +2.4001e+00 -1.4269e+00 +5.8191e-01 -1.0497e+00 -4.7690e-01 -1.2033e-01 -4.3432e-01 -2.0819e+00
17559 0 +9.534479306e-01 +7.264344793e+01 +7.264344793e+01 -6.9240e-01 +1.3612e+00 +2.4001e+00 -1.4270e+00 +5.8194e-01 -1.0493e+00 -4.7692e-01 -1.2038e-01 -4.3420e-01 -2.0821e+00
17584 0 +9.328297203e-01 +7.262282972e+01 +7.262282972e+01 -6.9224e-01 +1.3612e+00 +2.4004e+00 -1.4269e+00 +5.8210e-01 -1.0488e+00 -4.7711e-01 -1.2041e-01 -4.3414e-01 -2.0821e+00
20993 0 +8.867185483e-01 +7.257671855e+01 +7.257671855e+01 -6.8236e-01 +1.2282e+00 +2.3643e+00 -1.3709e+00 +7.2907e-01 -1.0996e+00 -4.8375e-01 -1.6898e-01 -5.4060e-01 -1.8975e+00
20997 0 +8.601359391e-01 +7.255013594e+01 +7.255013594e+01 -6.8243e-01 +1.2282e+00 +2.3644e+00 -1.3707e+00 +7.2916e-01 -1.0996e+00 -4.8417e-01 -1.6942e-01 -5.4085e-01 -1.8974e+00
21018 0 +8.445182634e-01 +7.253451826e+01 +7.253451826e+01 -6.8218e-01 +1.2283e+00 +2.3644e+00 -1.3709e+00 +7.2883e-01 -1.0998e+00 -4.8386e-01 -1.6935e-01 -5.4064e-01 -1.8973e+00
21020 0 +8.181462111e-01 +7.250814621e+01 +7.250814621e+01 -6.8222e-01 +1.2282e+00 +2.3645e+00 -1.3707e+00 +7.2927e-01 -1.0995e+00 -4.8460e-01 -1.6990e-01 -5.4071e-01 -1.8973e+00
21041 0 +8.127772124e-01 +7.250277721e+01 +7.250277721e+01 -6.8193e-01 +1.2284e+00 +2.3645e+00 -1.3709e+00 +7.2876e-01 -1.0998e+00 -4.8455e-01 -1.7015e-01 -5.4069e-01 -1.8973e+00
23695 0 +7.937398404e-01 +7.248373984e+01 +7.248373984e+01 -6.6585e-01 +1.2382e+00 +2.2592e+00 -1.4074e+00 +8.3785e-01 -1.0760e+00 -5.2663e-01 -1.1990e-01 -4.8597e-01 -1.8750e+00
30072 0 +7.676290461e-01 +7.245762905e+01 +7.245762905e+01 -6.9603e-01 +1.3470e+00 +2.0455e+00 -1.4211e+00 +7.8669e-01 -1.0329e+00 -4.4347e-01 -1.1835e-02 -4.3087e-01 -1.8986e+00
30076 0 +7.507802284e-01 +7.244078023e+01 +7.244078023e+01 -6.9571e-01 +1.3469e+00 +2.0458e+00 -1.4209e+00 +7.8703e-01 -1.0332e+00 -4.4350e-01 -1.1836e-02 -4.3105e-01 -1.8982e+00
30088 0 +7.293901446e-01 +7.241939014e+01 +7.241939014e+01 -6.9529e-01 +1.3467e+00 +2.0462e+00 -1.4205e+00 +7.8776e-01 -1.0328e+00 -4.4392e-01 -1.1837e-02 -4.3165e-01 -1.8980e+00
30114 0 +7.239107769e-01 +7.241391078e+01 +7.241391078e+01 -6.9517e-01 +1.3466e+00 +2.0463e+00 -1.4202e+00 +7.8800e-01 -1.0325e+00 -4.4408e-01 -1.1838e-02 -4.3190e-01 -1.8979e+00
40000 0 +7.107712285e-01 +7.240077123e+01 +7.240077123e+01 -6.9345e-01 +1.3465e+00 +2.0477e+00 -1.4202e+00 +7.8799e-01 -1.0328e+00 -4.4377e-01 -1.1835e-02 -4.3281e-01 -1.8973e+00
% f evaluations | g evaluations | best noise-free fitness - Fopt (2.140100000000e+02) + sum g_i+ | measured fitness | best measured fitness or single-digit g-values | x1 | x2...
1 0 +4.742505332e+01 +2.614350533e+02 +2.614350533e+02 +2.7396e+00 -6.1122e-01 +3.5860e+00 +1.9737e+00 -4.0582e+00 +4.7562e+00 +2.6114e+00 +2.8606e+00 -3.7189e+00 -4.9614e-01
2 0 +1.355955524e+01 +2.275695552e+02 +2.275695552e+02 -1.2920e+00 +4.2676e+00 +1.4387e+00 +3.2276e+00 -5.6586e-01 -2.7276e+00 +5.4585e-01 -4.3618e+00 +3.2763e+00 +1.3166e+00
256 0 +1.142495857e+01 +2.254349586e+02 +2.254349586e+02 +2.7396e+00 -6.1122e-01 +3.5860e+00 +2.1912e+00 +3.7645e-01 +4.7562e+00 -8.2082e-01 +2.8606e+00 -3.7189e+00 -1.2638e+00
540 0 +1.078022371e+01 +2.247902237e+02 +2.247902237e+02 +2.1159e+00 -6.1122e-01 +3.5860e+00 +1.6102e+00 +3.7645e-01 +4.7562e+00 -8.4185e-01 +2.8606e+00 -2.4531e+00 -1.2638e+00
590 0 +9.242768429e+00 +2.232527684e+02 +2.232527684e+02 +3.6469e-01 +1.3448e+00 +7.1590e-02 +3.0770e-01 +5.2242e-01 +3.4634e+00 +1.0311e+00 -9.5717e-01 -1.0758e+00 -1.9331e-01
619 0 +8.723821922e+00 +2.227338219e+02 +2.227338219e+02 +1.9664e-01 -2.1535e+00 +1.1499e+00 -3.1888e+00 -5.8245e-01 +3.1063e+00 -2.4335e+00 -2.4622e-01 +8.4097e-02 -2.8529e+00
774 0 +8.466419404e+00 +2.224764194e+02 +2.224764194e+02 +1.6840e+00 -2.8904e-01 +4.9512e-01 -2.6065e+00 +1.3472e+00 -7.4622e-01 +9.7527e-01 -1.7872e-01 -1.0095e+00 -6.3283e-01
941 0 +8.010600234e+00 +2.220206002e+02 +2.220206002e+02 +1.9420e+00 -1.4884e+00 -7.2488e-01 +8.3691e-01 +1.3942e+00 +9.6321e-01 -2.0673e+00 +3.4070e+00 -9.6583e-01 -1.6153e+00
1105 0 +7.778159703e+00 +2.217881597e+02 +2.217881597e+02 -2.3531e+00 -2.6559e+00 +7.0852e-01 +3.8230e-01 -2.0921e-01 +2.2125e-01 +2.1708e+00 -5.2607e-01 +1.7918e+00 -8.4298e-01
1252 0 +6.992009412e+00 +2.210020094e+02 +2.210020094e+02 +1.3712e-01 -1.7185e+00 -1.8658e+00 +7.2894e-02 -1.1249e+00 +5.0423e-02 -1.4232e+00 +4.1637e-01 +1.0894e+00 +2.1297e+00
1269 0 +4.908026108e+00 +2.189180261e+02 +2.189180261e+02 -5.8237e-01 +3.5077e-01 -2.1757e-01 +2.0671e-01 -1.3599e+00 -3.3303e+00 +2.5416e+00 -3.3866e+00 +8.8462e-01 -6.9223e-01
2391 0 +4.187377648e+00 +2.181973776e+02 +2.181973776e+02 +3.1476e+00 +6.1920e-01 +1.2675e-01 -1.1439e+00 -1.4523e+00 +2.2202e+00 -2.7022e+00 +2.8220e+00 -1.4361e+00 -6.1187e-01
3244 0 +3.957102338e+00 +2.179671023e+02 +2.179671023e+02 -1.1953e+00 -6.8810e-02 -8.2884e-01 +3.0926e-01 -1.4900e+00 -2.8241e+00 +6.2824e-01 -2.9461e+00 +2.1416e-01 -5.2537e-01
4562 0 +3.827850110e+00 +2.178378501e+02 +2.178378501e+02 +1.8369e+00 -1.8775e-02 +6.9556e-01 -4.9190e-01 -9.9918e-01 -1.4092e-01 -6.0895e-01 -3.4115e-01 +1.8608e+00 -3.6882e-01
6474 0 +3.768218022e+00 +2.177782180e+02 +2.177782180e+02 +2.2731e-01 +4.6567e-02 +1.5586e+00 -1.9802e-01 +8.8931e-01 +2.3293e+00 +1.5887e-01 -2.8845e-01 +2.4759e-01 -7.9277e-01
6683 0 +3.158346327e+00 +2.171683463e+02 +2.171683463e+02 +7.1897e-01 +8.5628e-01 -4.7299e-01 +4.6694e-01 +1.7051e+00 -2.4926e+00 +1.6406e-01 +5.3334e-01 +7.1806e-01 -1.0871e-01
9890 0 +2.613577459e+00 +2.166235775e+02 +2.166235775e+02 +3.9446e-01 +3.8202e-01 -9.1325e-01 +7.8086e-01 +1.8192e+00 -2.8389e+00 +6.4844e-01 +1.1320e+00 +2.9561e-01 +6.2430e-03
9901 0 +2.283221336e+00 +2.162932213e+02 +2.162932213e+02 +3.9450e-01 +3.8164e-01 -9.1363e-01 +7.7966e-01 +1.8194e+00 -2.8411e+00 +6.4921e-01 +1.1325e+00 +2.9562e-01 +6.2411e-03
9902 0 +2.170381734e+00 +2.161803817e+02 +2.161803817e+02 +3.9453e-01 +3.8151e-01 -9.1368e-01 +7.7869e-01 +1.8196e+00 -2.8415e+00 +6.4967e-01 +1.1328e+00 +2.9571e-01 +6.2402e-03
9903 0 +2.076544492e+00 +2.160865445e+02 +2.160865445e+02 +3.9450e-01 +3.8175e-01 -9.1352e-01 +7.7942e-01 +1.8197e+00 -2.8414e+00 +6.4937e-01 +1.1324e+00 +2.9569e-01 +6.2387e-03
9904 0 +1.914741466e+00 +2.159247415e+02 +2.159247415e+02 +3.9452e-01 +3.8175e-01 -9.1346e-01 +7.7848e-01 +1.8201e+00 -2.8420e+00 +6.4987e-01 +1.1326e+00 +2.9582e-01 +6.2359e-03
9909 0 +1.815091359e+00 +2.158250914e+02 +2.158250914e+02 +3.9456e-01 +3.8161e-01 -9.1330e-01 +7.7896e-01 +1.8199e+00 -2.8409e+00 +6.4963e-01 +1.1324e+00 +2.9586e-01 +6.2379e-03
9927 0 +1.774068869e+00 +2.157840689e+02 +2.157840689e+02 +3.9456e-01 +3.8146e-01 -9.1326e-01 +7.7916e-01 +1.8202e+00 -2.8418e+00 +6.4971e-01 +1.1325e+00 +2.9578e-01 +6.2372e-03
9955 0 +1.722393940e+00 +2.157323939e+02 +2.157323939e+02 +3.9454e-01 +3.8143e-01 -9.1315e-01 +7.7932e-01 +1.8203e+00 -2.8413e+00 +6.4954e-01 +1.1324e+00 +2.9583e-01 +6.2382e-03
9969 0 +1.692263489e+00 +2.157022635e+02 +2.157022635e+02 +3.9454e-01 +3.8153e-01 -9.1307e-01 +7.7912e-01 +1.8204e+00 -2.8414e+00 +6.4968e-01 +1.1325e+00 +2.9583e-01 +6.2364e-03
10069 0 +1.659419019e+00 +2.156694190e+02 +2.156694190e+02 +3.9452e-01 +3.8204e-01 -9.1307e-01 +7.7923e-01 +1.8202e+00 -2.8415e+00 +6.4969e-01 +1.1323e+00 +2.9568e-01 +6.2335e-03
10098 0 +1.618169261e+00 +2.156281693e+02 +2.156281693e+02 +3.9449e-01 +3.8268e-01 -9.1305e-01 +7.7892e-01 +1.8202e+00 -2.8419e+00 +6.4992e-01 +1.1322e+00 +2.9551e-01 +6.2282e-03
10112 0 +1.581188511e+00 +2.155911885e+02 +2.155911885e+02 +3.9446e-01 +3.8348e-01 -9.1308e-01 +7.7870e-01 +1.8200e+00 -2.8424e+00 +6.5012e-01 +1.1322e+00 +2.9524e-01 +6.2220e-03
10126 0 +1.536577576e+00 +2.155465776e+02 +2.155465776e+02 +3.9439e-01 +3.8482e-01 -9.1317e-01 +7.7804e-01 +1.8197e+00 -2.8430e+00 +6.5051e-01 +1.1322e+00 +2.9486e-01 +6.2119e-03
10139 0 +1.506048600e+00 +2.155160486e+02 +2.155160486e+02 +3.9436e-01 +3.8560e-01 -9.1331e-01 +7.7798e-01 +1.8195e+00 -2.8436e+00 +6.5069e-01 +1.1321e+00 +2.9451e-01 +6.2063e-03
10143 0 +1.474446538e+00 +2.154844465e+02 +2.154844465e+02 +3.9435e-01 +3.8599e-01 -9.1335e-01 +7.7775e-01 +1.8195e+00 -2.8438e+00 +6.5089e-01 +1.1321e+00 +2.9438e-01 +6.2032e-03
10144 0 +1.445275951e+00 +2.154552760e+02 +2.154552760e+02 +3.9434e-01 +3.8653e-01 -9.1343e-01 +7.7753e-01 +1.8194e+00 -2.8442e+00 +6.5111e-01 +1.1320e+00 +2.9418e-01 +6.1991e-03
10157 0 +1.408871842e+00 +2.154188718e+02 +2.154188718e+02 +3.9427e-01 +3.8772e-01 -9.1363e-01 +7.7699e-01 +1.8191e+00 -2.8449e+00 +6.5146e-01 +1.1320e+00 +2.9375e-01 +6.1903e-03
10187 0 +1.379426758e+00 +2.153894268e+02 +2.153894268e+02 +3.9426e-01 +3.8851e-01 -9.1381e-01 +7.7641e-01 +1.8190e+00 -2.8455e+00 +6.5188e-01 +1.1321e+00 +2.9345e-01 +6.1838e-03
10302 0 +1.345116820e+00 +2.153551168e+02 +2.153551168e+02 +3.9446e-01 +3.8787e-01 -9.1403e-01 +7.7675e-01 +1.8186e+00 -2.8456e+00 +6.5213e-01 +1.1320e+00 +2.9333e-01 +6.1843e-03
10315 0 +1.318215763e+00 +2.153282158e+02 +2.153282158e+02 +3.9466e-01 +3.8752e-01 -9.1430e-01 +7.7704e-01 +1.8182e+00 -2.8457e+00 +6.5247e-01 +1.1320e+00 +2.9309e-01 +6.1832e-03
10329 0 +1.286794551e+00 +2.152967946e+02 +2.152967946e+02 +3.9490e-01 +3.8725e-01 -9.1460e-01 +7.7733e-01 +1.8177e+00 -2.8459e+00 +6.5294e-01 +1.1319e+00 +2.9275e-01 +6.1804e-03
10343 0 +1.257342971e+00 +2.152673430e+02 +2.152673430e+02 +3.9531e-01 +3.8702e-01 -9.1515e-01 +7.7794e-01 +1.8165e+00 -2.8463e+00 +6.5377e-01 +1.1316e+00 +2.9206e-01 +6.1738e-03
10357 0 +1.229578438e+00 +2.152395784e+02 +2.152395784e+02 +3.9568e-01 +3.8616e-01 -9.1557e-01 +7.7866e-01 +1.8159e+00 -2.8465e+00 +6.5433e-01 +1.1313e+00 +2.9169e-01 +6.1726e-03
10470 0 +1.199798308e+00 +2.152097983e+02 +2.152097983e+02 +3.9610e-01 +3.8547e-01 -9.1614e-01 +7.7924e-01 +1.8153e+00 -2.8475e+00 +6.5525e-01 +1.1307e+00 +2.9130e-01 +6.1661e-03
10483 0 +1.173696038e+00 +2.151836960e+02 +2.151836960e+02 +3.9634e-01 +3.8537e-01 -9.1653e-01 +7.7937e-01 +1.8149e+00 -2.8482e+00 +6.5596e-01 +1.1303e+00 +2.9101e-01 +6.1591e-03
10493 0 +1.147438892e+00 +2.151574389e+02 +2.151574389e+02 +3.9670e-01 +3.8557e-01 -9.1720e-01 +7.7946e-01 +1.8141e+00 -2.8496e+00 +6.5713e-01 +1.1296e+00 +2.9041e-01 +6.1459e-03
10497 0 +1.118409072e+00 +2.151284091e+02 +2.151284091e+02 +3.9718e-01 +3.8459e-01 -9.1779e-01 +7.8010e-01 +1.8136e+00 -2.8505e+00 +6.5818e-01 +1.1287e+00 +2.9015e-01 +6.1387e-03
10507 0 +1.088215325e+00 +2.150982153e+02 +2.150982153e+02 +3.9730e-01 +3.8520e-01 -9.1817e-01 +7.7978e-01 +1.8133e+00 -2.8516e+00 +6.5894e-01 +1.1282e+00 +2.8983e-01 +6.1275e-03
10508 0 +1.065246611e+00 +2.150752466e+02 +2.150752466e+02 +3.9751e-01 +3.8515e-01 -9.1855e-01 +7.7982e-01 +1.8130e+00 -2.8524e+00 +6.5963e-01 +1.1277e+00 +2.8959e-01 +6.1206e-03
10519 0 +1.037945850e+00 +2.150479459e+02 +2.150479459e+02 +3.9838e-01 +3.8473e-01 -9.1998e-01 +7.8034e-01 +1.8118e+00 -2.8556e+00 +6.6227e-01 +1.1257e+00 +2.8868e-01 +6.0933e-03
10520 0 +1.020837754e+00 +2.150308378e+02 +2.150308378e+02 +3.9884e-01 +3.8474e-01 -9.2080e-01 +7.8045e-01 +1.8112e+00 -2.8575e+00 +6.6382e-01 +1.1245e+00 +2.8814e-01 +6.0762e-03
10527 0 +9.988261172e-01 +2.150088261e+02 +2.150088261e+02 +3.9916e-01 +3.8415e-01 -9.2126e-01 +7.8065e-01 +1.8108e+00 -2.8579e+00 +6.6456e-01 +1.1241e+00 +2.8792e-01 +6.0720e-03
10535 0 +9.714489264e-01 +2.149814489e+02 +2.149814489e+02 +3.9887e-01 +3.8415e-01 -9.2075e-01 +7.8036e-01 +1.8118e+00 -2.8575e+00 +6.6388e-01 +1.1243e+00 +2.8850e-01 +6.0781e-03
10544 0 +9.487907167e-01 +2.149587907e+02 +2.149587907e+02 +3.9972e-01 +3.8449e-01 -9.2235e-01 +7.8042e-01 +1.8104e+00 -2.8611e+00 +6.6689e-01 +1.1221e+00 +2.8737e-01 +6.0441e-03
10548 0 +9.281776442e-01 +2.149381776e+02 +2.149381776e+02 +3.9888e-01 +3.8465e-01 -9.2098e-01 +7.7989e-01 +1.8119e+00 -2.8586e+00 +6.6443e-01 +1.1237e+00 +2.8852e-01 +6.0688e-03
10556 0 +9.012254918e-01 +2.149112255e+02 +2.149112255e+02 +3.9982e-01 +3.8535e-01 -9.2277e-01 +7.7976e-01 +1.8107e+00 -2.8632e+00 +6.6803e-01 +1.1209e+00 +2.8730e-01 +6.0262e-03
10563 0 +8.838205493e-01 +2.148938205e+02 +2.148938205e+02 +3.9969e-01 +3.8560e-01 -9.2262e-01 +7.7942e-01 +1.8113e+00 -2.8635e+00 +6.6797e-01 +1.1207e+00 +2.8758e-01 +6.0245e-03
10577 0 +8.641246052e-01 +2.148741246e+02 +2.148741246e+02 +4.0010e-01 +3.8661e-01 -9.2369e-01 +7.7871e-01 +1.8108e+00 -2.8667e+00 +6.7015e-01 +1.1191e+00 +2.8694e-01 +5.9963e-03
10587 0 +8.445996616e-01 +2.148545997e+02 +2.148545997e+02 +3.9943e-01 +3.8653e-01 -9.2250e-01 +7.7843e-01 +1.8120e+00 -2.8643e+00 +6.6803e-01 +1.1204e+00 +2.8793e-01 +6.0185e-03
10642 0 +8.301615033e-01 +2.148401615e+02 +2.148401615e+02 +3.9953e-01 +3.8694e-01 -9.2282e-01 +7.7813e-01 +1.8118e+00 -2.8651e+00 +6.6864e-01 +1.1200e+00 +2.8771e-01 +6.0102e-03
40000 0 +8.248725042e-01 +2.148348725e+02 +2.148348725e+02 +3.9944e-01 +3.8781e-01 -9.2285e-01 +7.7766e-01 +1.8118e+00 -2.8656e+00 +6.6884e-01 +1.1199e+00 +2.8756e-01 +6.0041e-03
% f evaluations | g evaluations | best noise-free fitness - Fopt (-5.848000000000e+01) + sum g_i+ | measured fitness | best measured fitness or single-digit g-values | x1 | x2...
1 0 +5.112572005e+01 -7.354279945e+00 -7.354279945e+00 +2.7396e+00 -6.1122e-01 +3.5860e+00 +1.9737e+00 -4.0582e+00 +4.7562e+00 +2.6114e+00 +2.8606e+00 -3.7189e+00 -4.9614e-01
2 0 +2.145690691e+01 -3.702309309e+01 -3.702309309e+01 -1.2920e+00 +4.2676e+00 +1.4387e+00 +3.2276e+00 -5.6586e-01 -2.7276e+00 +5.4585e-01 -4.3618e+00 +3.2763e+00 +1.3166e+00
7 0 +1.887087121e+01 -3.960912879e+01 -3.960912879e+01 +1.6840e+00 -2.8904e-01 +6.5236e-01 +2.6500e+00 +1.3472e+00 +5.3579e-01 +5.9207e-01 -1.9605e+00 -4.6918e+00 -6.3283e-01
12 0 +1.640866321e+01 -4.207133679e+01 -4.207133679e+01 -4.4224e-01 -2.9764e+00 -1.9404e+00 +7.9220e-01 -3.2323e+00 +3.5661e+00 +2.5852e+00 +2.1946e+00 -6.7907e-01 +1.2731e+00
50 0 +1.460422601e+01 -4.387577399e+01 -4.387577399e+01 +2.0200e+00 +1.4795e+00 +1.5243e+00 -1.8379e+00 +2.8743e+00 +4.9144e-01 -6.8582e-01 +1.2601e+00 -1.3934e+00 +1.2739e-01
159 0 +8.740949376e+00 -4.973905062e+01 -4.973905062e+01 +3.8990e+00 -1.8565e+00 -9.8338e-01 -2.3191e+00 +1.0630e+00 +4.3881e+00 -1.5536e+00 +5.7002e-01 -2.0370e+00 -3.3020e+00
230 0 +8.740949376e+00 -4.973905062e+01 -4.973905062e+01 +3.8990e+00 -1.8565e+00 -9.8338e-01 -2.3191e+00 +1.0630e+00 +4.3881e+00 -1.5536e+00 +5.7002e-01 -2.0370e+00 -3.3020e+00
% f evaluations | g evaluations | best noise-free fitness - Fopt (-6.130800000000e+02) + sum g_i+ | measured fitness | best measured fitness or single-digit g-values | x1 | x2...
1 0 +2.433559624e+01 -5.887444038e+02 -5.887444038e+02 +2.7396e+00 -6.1122e-01 +3.5860e+00 +1.9737e+00 -4.0582e+00 +4.7562e+00 +2.6114e+00 +2.8606e+00 -3.7189e+00 -4.9614e-01
7 0 +2.416445490e+01 -5.889155451e+02 -5.889155451e+02 +1.6840e+00 -2.8904e-01 +6.5236e-01 +2.6500e+00 +1.3472e+00 +5.3579e-01 +5.9207e-01 -1.9605e+00 -4.6918e+00 -6.3283e-01
12 0 +1.175805076e+01 -6.013219492e+02 -6.013219492e+02 -4.4224e-01 -2.9764e+00 -1.9404e+00 +7.9220e-01 -3.2323e+00 +3.5661e+00 +2.5852e+00 +2.1946e+00 -6.7907e-01 +1.2731e+00
50 0 +1.152265425e+01 -6.015573457e+02 -6.015573457e+02 +2.0200e+00 +1.4795e+00 +1.5243e+00 -1.8379e+00 +2.8743e+00 +4.9144e-01 -6.8582e-01 +1.2601e+00 -1.3934e+00 +1.2739e-01
230 0 +1.152265425e+01 -6.015573457e+02 -6.015573457e+02 +2.0200e+00 +1.4795e+00 +1.5243e+00 -1.8379e+00 +2.8743e+00 +4.9144e-01 -6.8582e-01 +1.2601e+00 -1.3934e+00 +1.2739e-01
% f evaluations | g evaluations | best noise-free fitness - Fopt (-1.025500000000e+02) + sum g_i+ | measured fitness | best measured fitness or single-digit g-values | x1 | x2...
1 0 +5.251770048e+01 -5.003229952e+01 -5.003229952e+01 +2.7396e+00 -6.1122e-01 +3.5860e+00 +1.9737e+00 -4.0582e+00 +4.7562e+00 +2.6114e+00 +2.8606e+00 -3.7189e+00 -4.9614e-01
2 0 +3.419598518e+01 -6.835401482e+01 -6.835401482e+01 -1.2920e+00 +4.2676e+00 +1.4387e+00 +3.2276e+00 -5.6586e-01 -2.7276e+00 +5.4585e-01 -4.3618e+00 +3.2763e+00 +1.3166e+00
4 0 +3.258229376e+01 -6.996770624e+01 -6.996770624e+01 +2.4476e+00 +4.6751e+00 -1.7417e+00 -1.2954e+00 -3.0444e-01 -3.1053e+00 -3.7008e+00 -2.4295e-01 -2.7309e+00 +1.6981e+00
7 0 +2.593047449e+01 -7.661952551e+01 -7.661952551e+01 +1.6840e+00 -2.8904e-01 +6.5236e-01 +2.6500e+00 +1.3472e+00 +5.3579e-01 +5.9207e-01 -1.9605e+00 -4.6918e+00 -6.3283e-01
12 0 +1.811309314e+01 -8.443690686e+01 -8.443690686e+01 -4.4224e-01 -2.9764e+00 -1.9404e+00 +7.9220e-01 -3.2323e+00 +3.5661e+00 +2.5852e+00 +2.1946e+00 -6.7907e-01 +1.2731e+00
38 0 +1.652996413e+01 -8.602003587e+01 -8.602003587e+01 +2.6253e+00 -2.2947e+00 -1.3581e+00 -1.8556e+00 -3.4239e+00 -3.5222e+00 +4.3613e+00 -6.2096e-01 -1.1668e+00 +2.2969e+00
50 0 +1.350767251e+01 -8.904232749e+01 -8.904232749e+01 +2.0200e+00 +1.4795e+00 +1.5243e+00 -1.8379e+00 +2.8743e+00 +4.9144e-01 -6.8582e-01 +1.2601e+00 -1.3934e+00 +1.2739e-01
198 0 +1.218596675e+01 -9.036403325e+01 -9.036403325e+01 +7.4491e-01 -7.6183e-01 +1.1871e+00 +1.6450e+00 -3.8273e-01 +2.2251e-01 -6.7380e-01 -8.3581e-01 +7.8548e-01 -1.9584e+00
199 0 +9.915505040e+00 -9.263449496e+01 -9.263449496e+01 +7.4831e-01 -2.8904e-01 +6.5236e-01 -2.4619e-01 +1.3472e+00 +1.1169e+00 +1.8208e+00 -1.9605e+00 -4.1264e+00 +1.8588e+00
230 0 +9.915505040e+00 -9.263449496e+01 -9.263449496e+01 +7.4831e-01 -2.8904e-01 +6.5236e-01 -2.4619e-01 +1.3472e+00 +1.1169e+00 +1.8208e+00 -1.9605e+00 -4.1264e+00 +1.8588e+00
% f evaluations | g evaluations | best noise-free fitness - Fopt (7.169000000000e+01) + sum g_i+ | measured fitness | best measured fitness or single-digit g-values | x1 | x2...
1 0 +6.715667498e+01 +1.388466750e+02 +1.388466750e+02 +2.7396e+00 -6.1122e-01 +3.5860e+00 +1.9737e+00 -4.0582e+00 +4.7562e+00 +2.6114e+00 +2.8606e+00 -3.7189e+00 -4.9614e-01
2 0 +4.621548515e+01 +1.179054851e+02 +1.179054851e+02 -1.2920e+00 +4.2676e+00 +1.4387e+00 +3.2276e+00 -5.6586e-01 -2.7276e+00 +5.4585e-01 -4.3618e+00 +3.2763e+00 +1.3166e+00
3 0 +3.181862907e+01 +1.035086291e+02 +1.035086291e+02 +2.5809e+00 -1.4547e+00 +4.7070e+00 +3.9312e+00 +2.7838e+00 -3.0536e+00 -3.3279e-01 -4.5620e+00 -3.4571e+00 +1.8305e+00
5 0 +2.876210548e+01 +1.004521055e+02 +1.004521055e+02 -6.2848e-01 +3.3268e+00 +2.0027e+00 -1.8763e+00 +3.3226e+00 +3.0476e+00 -1.1252e+00 -2.1167e+00 +1.8250e+00 -3.6025e+00
7 0 +2.131960373e+01 +9.300960373e+01 +9.300960373e+01 +1.6840e+00 -2.8904e-01 +6.5236e-01 +2.6500e+00 +1.3472e+00 +5.3579e-01 +5.9207e-01 -1.9605e+00 -4.6918e+00 -6.3283e-01
12 0 +1.406469997e+01 +8.575469997e+01 +8.575469997e+01 -4.4224e-01 -2.9764e+00 -1.9404e+00 +7.9220e-01 -3.2323e+00 +3.5661e+00 +2.5852e+00 +2.1946e+00 -6.7907e-01 +1.2731e+00
129 0 +1.314323666e+01 +8.483323666e+01 +8.483323666e+01 -1.4133e+00 -9.1331e-01 -6.8481e-01 +1.3315e+00 +4.2677e+00 +4.3278e+00 -1.0851e+00 -1.7074e+00 -4.8953e-01 +6.7934e-01
185 0 +1.113335748e+01 +8.282335748e+01 +8.282335748e+01 +2.0399e+00 +2.8858e-01 +6.4951e-01 +7.2431e-01 -3.4015e-01 +2.2632e-01 +9.2340e-01 +1.3804e+00 -7.0273e-01 -8.6371e-01
200 0 +1.029750285e+01 +8.198750285e+01 +8.198750285e+01 +2.0484e+00 -8.3338e-02 +4.0853e+00 +1.7845e+00 -3.5512e-01 -1.0849e+00 -1.2404e+00 -1.7813e+00 -1.3249e+00 -6.0389e-02
557 0 +9.696034761e+00 +8.138603476e+01 +8.138603476e+01 -2.0406e+00 +1.1685e+00 +3.7475e+00 +1.4839e+00 +5.7966e-01 +2.7010e-02 -4.0278e-01 -2.3203e-01 +1.1665e+00 -1.8573e-01
718 0 +9.417588237e+00 +8.110758824e+01 +8.110758824e+01 -2.0252e+00 +1.5135e+00 +3.3770e+00 +1.0865e+00 +7.6064e-01 +2.3059e-01 -4.4822e-01 -1.3788e-01 +1.3417e+00 -3.7710e-01
735 0 +9.139540729e+00 +8.082954073e+01 +8.082954073e+01 -2.3712e+00 -2.2443e+00 +9.1826e-02 +2.5545e-02 -6.1622e-01 +3.5535e+00 -7.3611e-01 +5.2372e-01 +4.0153e-01 -1.5748e+00
757 0 +8.988588927e+00 +8.067858893e+01 +8.067858893e+01 -2.4916e+00 +2.6488e+00 +5.5413e-01 +3.2270e-01 +8.5088e-01 -1.3846e+00 -4.7651e-01 -1.0144e+00 +1.7075e+00 -1.7720e+00
906 0 +8.908399104e+00 +8.059839910e+01 +8.059839910e+01 +6.8663e-01 -1.7751e+00 +1.4429e+00 +1.5160e+00 -2.1675e+00 -1.6972e+00 -1.9619e-01 -1.7294e+00 +8.6041e-01 +5.4480e-01
919 0 +7.181710543e+00 +7.887171054e+01 +7.887171054e+01 +4.2266e-01 -4.1738e-01 -1.6219e+00 +5.1549e-01 +1.3228e+00 +1.3835e+00 +4.7976e-01 +1.8687e+00 +6.4700e-01 +4.3807e-01
997 0 +7.041869315e+00 +7.873186931e+01 +7.873186931e+01 -3.6324e+00 -1.2107e+00 -1.6632e+00 -2.2642e+00 +1.8438e+00 +4.3243e+00 -5.4303e-01 -1.2970e-01 -1.0418e+00 -3.7385e+00
1633 0 +4.044881883e+00 +7.573488188e+01 +7.573488188e+01 +4.8020e-01 -5.6580e-01 +3.0275e-01 +1.5802e+00 -1.5256e+00 +4.7250e-01 -1.1947e+00 +1.2835e+00 -1.7259e-01 +7.0068e-01
3239 0 +1.954585847e+00 +7.364458585e+01 +7.364458585e+01 +1.1569e-01 +7.3236e-01 +1.0984e+00 -1.2924e+00 +5.1368e-01 -4.9381e-01 -9.3275e-01 +9.7304e-01 +7.5036e-02 -1.4328e+00
7132 0 +1.931066490e+00 +7.362106649e+01 +7.362106649e+01 -5.2845e-02 +1.0053e+00 +1.9007e+00 -1.3704e+00 +5.7416e-01 -9.6779e-01 -1.6620e+00 +1.4069e+00 -5.0191e-01 -1.8621e+00
7140 0 +1.885988881e+00 +7.357598888e+01 +7.357598888e+01 -5.2732e-02 +1.0065e+00 +1.9032e+00 -1.3713e+00 +5.7404e-01 -9.6905e-01 -1.6595e+00 +1.4058e+00 -5.0191e-01 -1.8614e+00
7141 0 +1.842849828e+00 +7.353284983e+01 +7.353284983e+01 -5.2628e-02 +1.0075e+00 +1.9046e+00 -1.3721e+00 +5.7418e-01 -9.7008e-01 -1.6573e+00 +1.4050e+00 -5.0184e-01 -1.8611e+00
7147 0 +1.804791698e+00 +7.349479170e+01 +7.349479170e+01 -5.2518e-02 +1.0087e+00 +1.9073e+00 -1.3726e+00 +5.7539e-01 -9.7037e-01 -1.6547e+00 +1.4035e+00 -5.0187e-01 -1.8606e+00
7156 0 +1.740459348e+00 +7.343045935e+01 +7.343045935e+01 -5.2514e-02 +1.0088e+00 +1.9067e+00 -1.3728e+00 +5.7500e-01 -9.7083e-01 -1.6545e+00 +1.4038e+00 -5.0180e-01 -1.8607e+00
7157 0 +1.729148100e+00 +7.341914810e+01 +7.341914810e+01 -5.2437e-02 +1.0097e+00 +1.9082e+00 -1.3734e+00 +5.7526e-01 -9.7138e-01 -1.6521e+00 +1.4034e+00 -5.0177e-01 -1.8605e+00
7164 0 +1.677562124e+00 +7.336756212e+01 +7.336756212e+01 -5.2197e-02 +1.0117e+00 +1.9092e+00 -1.3749e+00 +5.7609e-01 -9.7357e-01 -1.6486e+00 +1.4014e+00 -5.0129e-01 -1.8605e+00
7165 0 +1.650932093e+00 +7.334093209e+01 +7.334093209e+01 -5.1967e-02 +1.0139e+00 +1.9116e+00 -1.3765e+00 +5.7667e-01 -9.7573e-01 -1.6440e+00 +1.3996e+00 -5.0100e-01 -1.8601e+00
7177 0 +1.603521680e+00 +7.329352168e+01 +7.329352168e+01 -5.1696e-02 +1.0166e+00 +1.9130e+00 -1.3784e+00 +5.7728e-01 -9.7843e-01 -1.6385e+00 +1.3981e+00 -5.0040e-01 -1.8601e+00
7180 0 +1.577270260e+00 +7.326727026e+01 +7.326727026e+01 -5.1728e-02 +1.0163e+00 +1.9115e+00 -1.3784e+00 +5.7729e-01 -9.7785e-01 -1.6387e+00 +1.3991e+00 -5.0037e-01 -1.8606e+00
7196 0 +1.545594928e+00 +7.323559493e+01 +7.323559493e+01 -5.1643e-02 +1.0171e+00 +1.9122e+00 -1.3787e+00 +5.7762e-01 -9.7888e-01 -1.6376e+00 +1.3980e+00 -5.0020e-01 -1.8604e+00
7213 0 +1.506709059e+00 +7.319670906e+01 +7.319670906e+01 -5.1475e-02 +1.0187e+00 +1.9142e+00 -1.3798e+00 +5.7715e-01 -9.8177e-01 -1.6351e+00 +1.3963e+00 -5.0001e-01 -1.8595e+00
7220 0 +1.471189315e+00 +7.316118931e+01 +7.316118931e+01 -5.1515e-02 +1.0181e+00 +1.9104e+00 -1.3796e+00 +5.7796e-01 -9.8037e-01 -1.6360e+00 +1.3975e+00 -4.9962e-01 -1.8610e+00
7224 0 +1.438667019e+00 +7.312866702e+01 +7.312866702e+01 -5.1510e-02 +1.0182e+00 +1.9104e+00 -1.3796e+00 +5.7800e-01 -9.8056e-01 -1.6362e+00 +1.3973e+00 -4.9958e-01 -1.8609e+00
7235 0 +1.411421230e+00 +7.310142123e+01 +7.310142123e+01 -5.1220e-02 +1.0209e+00 +1.9118e+00 -1.3812e+00 +5.7848e-01 -9.8433e-01 -1.6316e+00 +1.3948e+00 -4.9904e-01 -1.8605e+00
7242 0 +1.377923515e+00 +7.306792351e+01 +7.306792351e+01 -5.1300e-02 +1.0202e+00 +1.9115e+00 -1.3806e+00 +5.7854e-01 -9.8354e-01 -1.6334e+00 +1.3948e+00 -4.9917e-01 -1.8604e+00
7269 0 +1.347238584e+00 +7.303723858e+01 +7.303723858e+01 -5.1195e-02 +1.0213e+00 +1.9134e+00 -1.3813e+00 +5.7906e-01 -9.8436e-01 -1.6308e+00 +1.3938e+00 -4.9919e-01 -1.8599e+00
7345 0 +1.318204228e+00 +7.300820423e+01 +7.300820423e+01 -5.1187e-02 +1.0215e+00 +1.9157e+00 -1.3813e+00 +5.7911e-01 -9.8465e-01 -1.6307e+00 +1.3928e+00 -4.9954e-01 -1.8590e+00
17395 0 +1.282697226e+00 +7.297269723e+01 +7.297269723e+01 -6.9084e-01 +1.3608e+00 +2.4014e+00 -1.4260e+00 +5.8351e-01 -1.0497e+00 -4.7727e-01 -1.2016e-01 -4.3464e-01 -2.0807e+00
17396 0 +1.248941454e+00 +7.293894145e+01 +7.293894145e+01 -6.9111e-01 +1.3609e+00 +2.4013e+00 -1.4262e+00 +5.8340e-01 -1.0496e+00 -4.7714e-01 -1.2018e-01 -4.3455e-01 -2.0809e+00
17400 0 +1.221963013e+00 +7.291196301e+01 +7.291196301e+01 -6.9104e-01 +1.3610e+00 +2.4016e+00 -1.4261e+00 +5.8327e-01 -1.0496e+00 -4.7723e-01 -1.2016e-01 -4.3467e-01 -2.0808e+00
17406 0 +1.197082012e+00 +7.288708201e+01 +7.288708201e+01 -6.9107e-01 +1.3607e+00 +2.4015e+00 -1.4262e+00 +5.8323e-01 -1.0498e+00 -4.7723e-01 -1.2017e-01 -4.3462e-01 -2.0808e+00
17409 0 +1.143688850e+00 +7.283368885e+01 +7.283368885e+01 -6.9153e-01 +1.3609e+00 +2.4008e+00 -1.4264e+00 +5.8302e-01 -1.0497e+00 -4.7700e-01 -1.2020e-01 -4.3446e-01 -2.0812e+00
17416 0 +1.095209824e+00 +7.278520982e+01 +7.278520982e+01 -6.9157e-01 +1.3612e+00 +2.4013e+00 -1.4264e+00 +5.8264e-01 -1.0498e+00 -4.7709e-01 -1.2021e-01 -4.3458e-01 -2.0812e+00
17418 0 +1.071465520e+00 +7.276146552e+01 +7.276146552e+01 -6.9176e-01 +1.3611e+00 +2.4009e+00 -1.4266e+00 +5.8264e-01 -1.0498e+00 -4.7697e-01 -1.2024e-01 -4.3444e-01 -2.0813e+00
17419 0 +1.042504468e+00 +7.273250447e+01 +7.273250447e+01 -6.9212e-01 +1.3611e+00 +2.4005e+00 -1.4268e+00 +5.8233e-01 -1.0499e+00 -4.7684e-01 -1.2027e-01 -4.3433e-01 -2.0815e+00
17448 0 +1.015595469e+00 +7.270559547e+01 +7.270559547e+01 -6.9217e-01 +1.3613e+00 +2.4004e+00 -1.4267e+00 +5.8201e-01 -1.0499e+00 -4.7688e-01 -1.2029e-01 -4.3446e-01 -2.0816e+00
17477 0 +9.986646897e-01 +7.268866469e+01 +7.268866469e+01 -6.9250e-01 +1.3613e+00 +2.4002e+00 -1.4269e+00 +5.8190e-01 -1.0497e+00 -4.7676e-01 -1.2033e-01 -4.3432e-01 -2.0818e+00
17530 0 +9.759841643e-01 +7.266598416e+01 +7.266598416e+01 -6.9229e-01 +1.3612e+00 +2.4001e+00 -1.4269e+00 +5.8191e-01 -1.0497e+00 -4.7690e-01 -1.2033e-01 -4.3432e-01 -2.0819e+00
17559 0 +9.534479306e-01 +7.264344793e+01 +7.264344793e+01 -6.9240e-01 +1.3612e+00 +2.4001e+00 -1.4270e+00 +5.8194e-01 -1.0493e+00 -4.7692e-01 -1.2038e-01 -4.3420e-01 -2.0821e+00
17584 0 +9.328297203e-01 +7.262282972e+01 +7.262282972e+01 -6.9224e-01 +1.3612e+00 +2.4004e+00 -1.4269e+00 +5.8210e-01 -1.0488e+00 -4.7711e-01 -1.2041e-01 -4.3414e-01 -2.0821e+00
20993 0 +8.867185483e-01 +7.257671855e+01 +7.257671855e+01 -6.8236e-01 +1.2282e+00 +2.3643e+00 -1.3709e+00 +7.2907e-01 -1.0996e+00 -4.8375e-01 -1.6898e-01 -5.4060e-01 -1.8975e+00
20997 0 +8.601359391e-01 +7.255013594e+01 +7.255013594e+01 -6.8243e-01 +1.2282e+00 +2.3644e+00 -1.3707e+00 +7.2916e-01 -1.0996e+00 -4.8417e-01 -1.6942e-01 -5.4085e-01 -1.8974e+00
21018 0 +8.445182634e-01 +7.253451826e+01 +7.253451826e+01 -6.8218e-01 +1.2283e+00 +2.3644e+00 -1.3709e+00 +7.2883e-01 -1.0998e+00 -4.8386e-01 -1.6935e-01 -5.4064e-01 -1.8973e+00
21020 0 +8.181462111e-01 +7.250814621e+01 +7.250814621e+01 -6.8222e-01 +1.2282e+00 +2.3645e+00 -1.3707e+00 +7.2927e-01 -1.0995e+00 -4.8460e-01 -1.6990e-01 -5.4071e-01 -1.8973e+00
21041 0 +8.127772124e-01 +7.250277721e+01 +7.250277721e+01 -6.8193e-01 +1.2284e+00 +2.3645e+00 -1.3709e+00 +7.2876e-01 -1.0998e+00 -4.8455e-01 -1.7015e-01 -5.4069e-01 -1.8973e+00
23695 0 +7.937398404e-01 +7.248373984e+01 +7.248373984e+01 -6.6585e-01 +1.2382e+00 +2.2592e+00 -1.4074e+00 +8.3785e-01 -1.0760e+00 -5.2663e-01 -1.1990e-01 -4.8597e-01 -1.8750e+00
30072 0 +7.676290461e-01 +7.245762905e+01 +7.245762905e+01 -6.9603e-01 +1.3470e+00 +2.0455e+00 -1.4211e+00 +7.8669e-01 -1.0329e+00 -4.4347e-01 -1.1835e-02 -4.3087e-01 -1.8986e+00
30076 0 +7.507802284e-01 +7.244078023e+01 +7.244078023e+01 -6.9571e-01 +1.3469e+00 +2.0458e+00 -1.4209e+00 +7.8703e-01 -1.0332e+00 -4.4350e-01 -1.1836e-02 -4.3105e-01 -1.8982e+00
30088 0 +7.293901446e-01 +7.241939014e+01 +7.241939014e+01 -6.9529e-01 +1.3467e+00 +2.0462e+00 -1.4205e+00 +7.8776e-01 -1.0328e+00 -4.4392e-01 -1.1837e-02 -4.3165e-01 -1.8980e+00
30114 0 +7.239107769e-01 +7.241391078e+01 +7.241391078e+01 -6.9517e-01 +1.3466e+00 +2.0463e+00 -1.4202e+00 +7.8800e-01 -1.0325e+00 -4.4408e-01 -1.1838e-02 -4.3190e-01 -1.8979e+00
40000 0 +7.107712285e-01 +7.240077123e+01 +7.240077123e+01 -6.9345e-01 +1.3465e+00 +2.0477e+00 -1.4202e+00 +7.8799e-01 -1.0328e+00 -4.4377e-01 -1.1835e-02 -4.3281e-01 -1.8973e+00
% f evaluations | g evaluations | best noise-free fitness - Fopt (2.140100000000e+02) + sum g_i+ | measured fitness | best measured fitness or single-digit g-values | x1 | x2...
1 0 +4.742505332e+01 +2.614350533e+02 +2.614350533e+02 +2.7396e+00 -6.1122e-01 +3.5860e+00 +1.9737e+00 -4.0582e+00 +4.7562e+00 +2.6114e+00 +2.8606e+00 -3.7189e+00 -4.9614e-01
2 0 +1.355955524e+01 +2.275695552e+02 +2.275695552e+02 -1.2920e+00 +4.2676e+00 +1.4387e+00 +3.2276e+00 -5.6586e-01 -2.7276e+00 +5.4585e-01 -4.3618e+00 +3.2763e+00 +1.3166e+00
256 0 +1.142495857e+01 +2.254349586e+02 +2.254349586e+02 +2.7396e+00 -6.1122e-01 +3.5860e+00 +2.1912e+00 +3.7645e-01 +4.7562e+00 -8.2082e-01 +2.8606e+00 -3.7189e+00 -1.2638e+00
540 0 +1.078022371e+01 +2.247902237e+02 +2.247902237e+02 +2.1159e+00 -6.1122e-01 +3.5860e+00 +1.6102e+00 +3.7645e-01 +4.7562e+00 -8.4185e-01 +2.8606e+00 -2.4531e+00 -1.2638e+00
590 0 +9.242768429e+00 +2.232527684e+02 +2.232527684e+02 +3.6469e-01 +1.3448e+00 +7.1590e-02 +3.0770e-01 +5.2242e-01 +3.4634e+00 +1.0311e+00 -9.5717e-01 -1.0758e+00 -1.9331e-01
619 0 +8.723821922e+00 +2.227338219e+02 +2.227338219e+02 +1.9664e-01 -2.1535e+00 +1.1499e+00 -3.1888e+00 -5.8245e-01 +3.1063e+00 -2.4335e+00 -2.4622e-01 +8.4097e-02 -2.8529e+00
774 0 +8.466419404e+00 +2.224764194e+02 +2.224764194e+02 +1.6840e+00 -2.8904e-01 +4.9512e-01 -2.6065e+00 +1.3472e+00 -7.4622e-01 +9.7527e-01 -1.7872e-01 -1.0095e+00 -6.3283e-01
941 0 +8.010600234e+00 +2.220206002e+02 +2.220206002e+02 +1.9420e+00 -1.4884e+00 -7.2488e-01 +8.3691e-01 +1.3942e+00 +9.6321e-01 -2.0673e+00 +3.4070e+00 -9.6583e-01 -1.6153e+00
1105 0 +7.778159703e+00 +2.217881597e+02 +2.217881597e+02 -2.3531e+00 -2.6559e+00 +7.0852e-01 +3.8230e-01 -2.0921e-01 +2.2125e-01 +2.1708e+00 -5.2607e-01 +1.7918e+00 -8.4298e-01
1252 0 +6.992009412e+00 +2.210020094e+02 +2.210020094e+02 +1.3712e-01 -1.7185e+00 -1.8658e+00 +7.2894e-02 -1.1249e+00 +5.0423e-02 -1.4232e+00 +4.1637e-01 +1.0894e+00 +2.1297e+00
1269 0 +4.908026108e+00 +2.189180261e+02 +2.189180261e+02 -5.8237e-01 +3.5077e-01 -2.1757e-01 +2.0671e-01 -1.3599e+00 -3.3303e+00 +2.5416e+00 -3.3866e+00 +8.8462e-01 -6.9223e-01
2391 0 +4.187377648e+00 +2.181973776e+02 +2.181973776e+02 +3.1476e+00 +6.1920e-01 +1.2675e-01 -1.1439e+00 -1.4523e+00 +2.2202e+00 -2.7022e+00 +2.8220e+00 -1.4361e+00 -6.1187e-01
3244 0 +3.957102338e+00 +2.179671023e+02 +2.179671023e+02 -1.1953e+00 -6.8810e-02 -8.2884e-01 +3.0926e-01 -1.4900e+00 -2.8241e+00 +6.2824e-01 -2.9461e+00 +2.1416e-01 -5.2537e-01
4562 0 +3.827850110e+00 +2.178378501e+02 +2.178378501e+02 +1.8369e+00 -1.8775e-02 +6.9556e-01 -4.9190e-01 -9.9918e-01 -1.4092e-01 -6.0895e-01 -3.4115e-01 +1.8608e+00 -3.6882e-01
6474 0 +3.768218022e+00 +2.177782180e+02 +2.177782180e+02 +2.2731e-01 +4.6567e-02 +1.5586e+00 -1.9802e-01 +8.8931e-01 +2.3293e+00 +1.5887e-01 -2.8845e-01 +2.4759e-01 -7.9277e-01
6683 0 +3.158346327e+00 +2.171683463e+02 +2.171683463e+02 +7.1897e-01 +8.5628e-01 -4.7299e-01 +4.6694e-01 +1.7051e+00 -2.4926e+00 +1.6406e-01 +5.3334e-01 +7.1806e-01 -1.0871e-01
9890 0 +2.613577459e+00 +2.166235775e+02 +2.166235775e+02 +3.9446e-01 +3.8202e-01 -9.1325e-01 +7.8086e-01 +1.8192e+00 -2.8389e+00 +6.4844e-01 +1.1320e+00 +2.9561e-01 +6.2430e-03
9901 0 +2.283221336e+00 +2.162932213e+02 +2.162932213e+02 +3.9450e-01 +3.8164e-01 -9.1363e-01 +7.7966e-01 +1.8194e+00 -2.8411e+00 +6.4921e-01 +1.1325e+00 +2.9562e-01 +6.2411e-03
9902 0 +2.170381734e+00 +2.161803817e+02 +2.161803817e+02 +3.9453e-01 +3.8151e-01 -9.1368e-01 +7.7869e-01 +1.8196e+00 -2.8415e+00 +6.4967e-01 +1.1328e+00 +2.9571e-01 +6.2402e-03
9903 0 +2.076544492e+00 +2.160865445e+02 +2.160865445e+02 +3.9450e-01 +3.8175e-01 -9.1352e-01 +7.7942e-01 +1.8197e+00 -2.8414e+00 +6.4937e-01 +1.1324e+00 +2.9569e-01 +6.2387e-03
9904 0 +1.914741466e+00 +2.159247415e+02 +2.159247415e+02 +3.9452e-01 +3.8175e-01 -9.1346e-01 +7.7848e-01 +1.8201e+00 -2.8420e+00 +6.4987e-01 +1.1326e+00 +2.9582e-01 +6.2359e-03
9909 0 +1.815091359e+00 +2.158250914e+02 +2.158250914e+02 +3.9456e-01 +3.8161e-01 -9.1330e-01 +7.7896e-01 +1.8199e+00 -2.8409e+00 +6.4963e-01 +1.1324e+00 +2.9586e-01 +6.2379e-03
9927 0 +1.774068869e+00 +2.157840689e+02 +2.157840689e+02 +3.9456e-01 +3.8146e-01 -9.1326e-01 +7.7916e-01 +1.8202e+00 -2.8418e+00 +6.4971e-01 +1.1325e+00 +2.9578e-01 +6.2372e-03
9955 0 +1.722393940e+00 +2.157323939e+02 +2.157323939e+02 +3.9454e-01 +3.8143e-01 -9.1315e-01 +7.7932e-01 +1.8203e+00 -2.8413e+00 +6.4954e-01 +1.1324e+00 +2.9583e-01 +6.2382e-03
9969 0 +1.692263489e+00 +2.157022635e+02 +2.157022635e+02 +3.9454e-01 +3.8153e-01 -9.1307e-01 +7.7912e-01 +1.8204e+00 -2.8414e+00 +6.4968e-01 +1.1325e+00 +2.9583e-01 +6.2364e-03
10069 0 +1.659419019e+00 +2.156694190e+02 +2.156694190e+02 +3.9452e-01 +3.8204e-01 -9.1307e-01 +7.7923e-01 +1.8202e+00 -2.8415e+00 +6.4969e-01 +1.1323e+00 +2.9568e-01 +6.2335e-03
10098 0 +1.618169261e+00 +2.156281693e+02 +2.156281693e+02 +3.9449e-01 +3.8268e-01 -9.1305e-01 +7.7892e-01 +1.8202e+00 -2.8419e+00 +6.4992e-01 +1.1322e+00 +2.9551e-01 +6.2282e-03
10112 0 +1.581188511e+00 +2.155911885e+02 +2.155911885e+02 +3.9446e-01 +3.8348e-01 -9.1308e-01 +7.7870e-01 +1.8200e+00 -2.8424e+00 +6.5012e-01 +1.1322e+00 +2.9524e-01 +6.2220e-03
10126 0 +1.536577576e+00 +2.155465776e+02 +2.155465776e+02 +3.9439e-01 +3.8482e-01 -9.1317e-01 +7.7804e-01 +1.8197e+00 -2.8430e+00 +6.5051e-01 +1.1322e+00 +2.9486e-01 +6.2119e-03
10139 0 +1.506048600e+00 +2.155160486e+02 +2.155160486e+02 +3.9436e-01 +3.8560e-01 -9.1331e-01 +7.7798e-01 +1.8195e+00 -2.8436e+00 +6.5069e-01 +1.1321e+00 +2.9451e-01 +6.2063e-03
10143 0 +1.474446538e+00 +2.154844465e+02 +2.154844465e+02 +3.9435e-01 +3.8599e-01 -9.1335e-01 +7.7775e-01 +1.8195e+00 -2.8438e+00 +6.5089e-01 +1.1321e+00 +2.9438e-01 +6.2032e-03
10144 0 +1.445275951e+00 +2.154552760e+02 +2.154552760e+02 +3.9434e-01 +3.8653e-01 -9.1343e-01 +7.7753e-01 +1.8194e+00 -2.8442e+00 +6.5111e-01 +1.1320e+00 +2.9418e-01 +6.1991e-03
10157 0 +1.408871842e+00 +2.154188718e+02 +2.154188718e+02 +3.9427e-01 +3.8772e-01 -9.1363e-01 +7.7699e-01 +1.8191e+00 -2.8449e+00 +6.5146e-01 +1.1320e+00 +2.9375e-01 +6.1903e-03
10187 0 +1.379426758e+00 +2.153894268e+02 +2.153894268e+02 +3.9426e-01 +3.8851e-01 -9.1381e-01 +7.7641e-01 +1.8190e+00 -2.8455e+00 +6.5188e-01 +1.1321e+00 +2.9345e-01 +6.1838e-03
10302 0 +1.345116820e+00 +2.153551168e+02 +2.153551168e+02 +3.9446e-01 +3.8787e-01 -9.1403e-01 +7.7675e-01 +1.8186e+00 -2.8456e+00 +6.5213e-01 +1.1320e+00 +2.9333e-01 +6.1843e-03
10315 0 +1.318215763e+00 +2.153282158e+02 +2.153282158e+02 +3.9466e-01 +3.8752e-01 -9.1430e-01 +7.7704e-01 +1.8182e+00 -2.8457e+00 +6.5247e-01 +1.1320e+00 +2.9309e-01 +6.1832e-03
10329 0 +1.286794551e+00 +2.152967946e+02 +2.152967946e+02 +3.9490e-01 +3.8725e-01 -9.1460e-01 +7.7733e-01 +1.8177e+00 -2.8459e+00 +6.5294e-01 +1.1319e+00 +2.9275e-01 +6.1804e-03
10343 0 +1.257342971e+00 +2.152673430e+02 +2.152673430e+02 +3.9531e-01 +3.8702e-01 -9.1515e-01 +7.7794e-01 +1.8165e+00 -2.8463e+00 +6.5377e-01 +1.1316e+00 +2.9206e-01 +6.1738e-03
10357 0 +1.229578438e+00 +2.152395784e+02 +2.152395784e+02 +3.9568e-01 +3.8616e-01 -9.1557e-01 +7.7866e-01 +1.8159e+00 -2.8465e+00 +6.5433e-01 +1.1313e+00 +2.9169e-01 +6.1726e-03
10470 0 +1.199798308e+00 +2.152097983e+02 +2.152097983e+02 +3.9610e-01 +3.8547e-01 -9.1614e-01 +7.7924e-01 +1.8153e+00 -2.8475e+00 +6.5525e-01 +1.1307e+00 +2.9130e-01 +6.1661e-03
10483 0 +1.173696038e+00 +2.151836960e+02 +2.151836960e+02 +3.9634e-01 +3.8537e-01 -9.1653e-01 +7.7937e-01 +1.8149e+00 -2.8482e+00 +6.5596e-01 +1.1303e+00 +2.9101e-01 +6.1591e-03
10493 0 +1.147438892e+00 +2.151574389e+02 +2.151574389e+02 +3.9670e-01 +3.8557e-01 -9.1720e-01 +7.7946e-01 +1.8141e+00 -2.8496e+00 +6.5713e-01 +1.1296e+00 +2.9041e-01 +6.1459e-03
10497 0 +1.118409072e+00 +2.151284091e+02 +2.151284091e+02 +3.9718e-01 +3.8459e-01 -9.1779e-01 +7.8010e-01 +1.8136e+00 -2.8505e+00 +6.5818e-01 +1.1287e+00 +2.9015e-01 +6.1387e-03
10507 0 +1.088215325e+00 +2.150982153e+02 +2.150982153e+02 +3.9730e-01 +3.8520e-01 -9.1817e-01 +7.7978e-01 +1.8133e+00 -2.8516e+00 +6.5894e-01 +1.1282e+00 +2.8983e-01 +6.1275e-03
10508 0 +1.065246611e+00 +2.150752466e+02 +2.150752466e+02 +3.9751e-01 +3.8515e-01 -9.1855e-01 +7.7982e-01 +1.8130e+00 -2.8524e+00 +6.5963e-01 +1.1277e+00 +2.8959e-01 +6.1206e-03
10519 0 +1.037945850e+00 +2.150479459e+02 +2.150479459e+02 +3.9838e-01 +3.8473e-01 -9.1998e-01 +7.8034e-01 +1.8118e+00 -2.8556e+00 +6.6227e-01 +1.1257e+00 +2.8868e-01 +6.0933e-03
10520 0 +1.020837754e+00 +2.150308378e+02 +2.150308378e+02 +3.9884e-01 +3.8474e-01 -9.2080e-01 +7.8045e-01 +1.8112e+00 -2.8575e+00 +6.6382e-01 +1.1245e+00 +2.8814e-01 +6.0762e-03
10527 0 +9.988261172e-01 +2.150088261e+02 +2.150088261e+02 +3.9916e-01 +3.8415e-01 -9.2126e-01 +7.8065e-01 +1.8108e+00 -2.8579e+00 +6.6456e-01 +1.1241e+00 +2.8792e-01 +6.0720e-03
10535 0 +9.714489264e-01 +2.149814489e+02 +2.149814489e+02 +3.9887e-01 +3.8415e-01 -9.2075e-01 +7.8036e-01 +1.8118e+00 -2.8575e+00 +6.6388e-01 +1.1243e+00 +2.8850e-01 +6.0781e-03
10544 0 +9.487907167e-01 +2.149587907e+02 +2.149587907e+02 +3.9972e-01 +3.8449e-01 -9.2235e-01 +7.8042e-01 +1.8104e+00 -2.8611e+00 +6.6689e-01 +1.1221e+00 +2.8737e-01 +6.0441e-03
10548 0 +9.281776442e-01 +2.149381776e+02 +2.149381776e+02 +3.9888e-01 +3.8465e-01 -9.2098e-01 +7.7989e-01 +1.8119e+00 -2.8586e+00 +6.6443e-01 +1.1237e+00 +2.8852e-01 +6.0688e-03
10556 0 +9.012254918e-01 +2.149112255e+02 +2.149112255e+02 +3.9982e-01 +3.8535e-01 -9.2277e-01 +7.7976e-01 +1.8107e+00 -2.8632e+00 +6.6803e-01 +1.1209e+00 +2.8730e-01 +6.0262e-03
10563 0 +8.838205493e-01 +2.148938205e+02 +2.148938205e+02 +3.9969e-01 +3.8560e-01 -9.2262e-01 +7.7942e-01 +1.8113e+00 -2.8635e+00 +6.6797e-01 +1.1207e+00 +2.8758e-01 +6.0245e-03
10577 0 +8.641246052e-01 +2.148741246e+02 +2.148741246e+02 +4.0010e-01 +3.8661e-01 -9.2369e-01 +7.7871e-01 +1.8108e+00 -2.8667e+00 +6.7015e-01 +1.1191e+00 +2.8694e-01 +5.9963e-03
10587 0 +8.445996616e-01 +2.148545997e+02 +2.148545997e+02 +3.9943e-01 +3.8653e-01 -9.2250e-01 +7.7843e-01 +1.8120e+00 -2.8643e+00 +6.6803e-01 +1.1204e+00 +2.8793e-01 +6.0185e-03
10642 0 +8.301615033e-01 +2.148401615e+02 +2.148401615e+02 +3.9953e-01 +3.8694e-01 -9.2282e-01 +7.7813e-01 +1.8118e+00 -2.8651e+00 +6.6864e-01 +1.1200e+00 +2.8771e-01 +6.0102e-03
40000 0 +8.248725042e-01 +2.148348725e+02 +2.148348725e+02 +3.9944e-01 +3.8781e-01 -9.2285e-01 +7.7766e-01 +1.8118e+00 -2.8656e+00 +6.6884e-01 +1.1199e+00 +2.8756e-01 +6.0041e-03
% f evaluations | g evaluations | best noise-free fitness - Fopt (-5.848000000000e+01) + sum g_i+ | measured fitness | best measured fitness or single-digit g-values | x1 | x2...
1 0 +5.112572005e+01 -7.354279945e+00 -7.354279945e+00 +2.7396e+00 -6.1122e-01 +3.5860e+00 +1.9737e+00 -4.0582e+00 +4.7562e+00 +2.6114e+00 +2.8606e+00 -3.7189e+00 -4.9614e-01
2 0 +2.145690691e+01 -3.702309309e+01 -3.702309309e+01 -1.2920e+00 +4.2676e+00 +1.4387e+00 +3.2276e+00 -5.6586e-01 -2.7276e+00 +5.4585e-01 -4.3618e+00 +3.2763e+00 +1.3166e+00
7 0 +1.887087121e+01 -3.960912879e+01 -3.960912879e+01 +1.6840e+00 -2.8904e-01 +6.5236e-01 +2.6500e+00 +1.3472e+00 +5.3579e-01 +5.9207e-01 -1.9605e+00 -4.6918e+00 -6.3283e-01
12 0 +1.640866321e+01 -4.207133679e+01 -4.207133679e+01 -4.4224e-01 -2.9764e+00 -1.9404e+00 +7.9220e-01 -3.2323e+00 +3.5661e+00 +2.5852e+00 +2.1946e+00 -6.7907e-01 +1.2731e+00
50 0 +1.460422601e+01 -4.387577399e+01 -4.387577399e+01 +2.0200e+00 +1.4795e+00 +1.5243e+00 -1.8379e+00 +2.8743e+00 +4.9144e-01 -6.8582e-01 +1.2601e+00 -1.3934e+00 +1.2739e-01
159 0 +8.740949376e+00 -4.973905062e+01 -4.973905062e+01 +3.8990e+00 -1.8565e+00 -9.8338e-01 -2.3191e+00 +1.0630e+00 +4.3881e+00 -1.5536e+00 +5.7002e-01 -2.0370e+00 -3.3020e+00
230 0 +8.740949376e+00 -4.973905062e+01 -4.973905062e+01 +3.8990e+00 -1.8565e+00 -9.8338e-01 -2.3191e+00 +1.0630e+00 +4.3881e+00 -1.5536e+00 +5.7002e-01 -2.0370e+00 -3.3020e+00
% f evaluations | g evaluations | best noise-free fitness - Fopt (-6.130800000000e+02) + sum g_i+ | measured fitness | best measured fitness or single-digit g-values | x1 | x2...
1 0 +2.433559624e+01 -5.887444038e+02 -5.887444038e+02 +2.7396e+00 -6.1122e-01 +3.5860e+00 +1.9737e+00 -4.0582e+00 +4.7562e+00 +2.6114e+00 +2.8606e+00 -3.7189e+00 -4.9614e-01
7 0 +2.416445490e+01 -5.889155451e+02 -5.889155451e+02 +1.6840e+00 -2.8904e-01 +6.5236e-01 +2.6500e+00 +1.3472e+00 +5.3579e-01 +5.9207e-01 -1.9605e+00 -4.6918e+00 -6.3283e-01
12 0 +1.175805076e+01 -6.013219492e+02 -6.013219492e+02 -4.4224e-01 -2.9764e+00 -1.9404e+00 +7.9220e-01 -3.2323e+00 +3.5661e+00 +2.5852e+00 +2.1946e+00 -6.7907e-01 +1.2731e+00
50 0 +1.152265425e+01 -6.015573457e+02 -6.015573457e+02 +2.0200e+00 +1.4795e+00 +1.5243e+00 -1.8379e+00 +2.8743e+00 +4.9144e-01 -6.8582e-01 +1.2601e+00 -1.3934e+00 +1.2739e-01
230 0 +1.152265425e+01 -6.015573457e+02 -6.015573457e+02 +2.0200e+00 +1.4795e+00 +1.5243e+00 -1.8379e+00 +2.8743e+00 +4.9144e-01 -6.8582e-01 +1.2601e+00 -1.3934e+00 +1.2739e-01
% f evaluations | g evaluations | best noise-free fitness - Fopt (-1.025500000000e+02) + sum g_i+ | measured fitness | best measured fitness or single-digit g-values | x1 | x2...
1 0 +5.251770048e+01 -5.003229952e+01 -5.003229952e+01 +2.7396e+00 -6.1122e-01 +3.5860e+00 +1.9737e+00 -4.0582e+00 +4.7562e+00 +2.6114e+00 +2.8606e+00 -3.7189e+00 -4.9614e-01
2 0 +3.419598518e+01 -6.835401482e+01 -6.835401482e+01 -1.2920e+00 +4.2676e+00 +1.4387e+00 +3.2276e+00 -5.6586e-01 -2.7276e+00 +5.4585e-01 -4.3618e+00 +3.2763e+00 +1.3166e+00
4 0 +3.258229376e+01 -6.996770624e+01 -6.996770624e+01 +2.4476e+00 +4.6751e+00 -1.7417e+00 -1.2954e+00 -3.0444e-01 -3.1053e+00 -3.7008e+00 -2.4295e-01 -2.7309e+00 +1.6981e+00
7 0 +2.593047449e+01 -7.661952551e+01 -7.661952551e+01 +1.6840e+00 -2.8904e-01 +6.5236e-01 +2.6500e+00 +1.3472e+00 +5.3579e-01 +5.9207e-01 -1.9605e+00 -4.6918e+00 -6.3283e-01
12 0 +1.811309314e+01 -8.443690686e+01 -8.443690686e+01 -4.4224e-01 -2.9764e+00 -1.9404e+00 +7.9220e-01 -3.2323e+00 +3.5661e+00 +2.5852e+00 +2.1946e+00 -6.7907e-01 +1.2731e+00
38 0 +1.652996413e+01 -8.602003587e+01 -8.602003587e+01 +2.6253e+00 -2.2947e+00 -1.3581e+00 -1.8556e+00 -3.4239e+00 -3.5222e+00 +4.3613e+00 -6.2096e-01 -1.1668e+00 +2.2969e+00
50 0 +1.350767251e+01 -8.904232749e+01 -8.904232749e+01 +2.0200e+00 +1.4795e+00 +1.5243e+00 -1.8379e+00 +2.8743e+00 +4.9144e-01 -6.8582e-01 +1.2601e+00 -1.3934e+00 +1.2739e-01
198 0 +1.218596675e+01 -9.036403325e+01 -9.036403325e+01 +7.4491e-01 -7.6183e-01 +1.1871e+00 +1.6450e+00 -3.8273e-01 +2.2251e-01 -6.7380e-01 -8.3581e-01 +7.8548e-01 -1.9584e+00
199 0 +9.915505040e+00 -9.263449496e+01 -9.263449496e+01 +7.4831e-01 -2.8904e-01 +6.5236e-01 -2.4619e-01 +1.3472e+00 +1.1169e+00 +1.8208e+00 -1.9605e+00 -4.1264e+00 +1.8588e+00
230 0 +9.915505040e+00 -9.263449496e+01 -9.263449496e+01 +7.4831e-01 -2.8904e-01 +6.5236e-01 -2.4619e-01 +1.3472e+00 +1.1169e+00 +1.8208e+00 -1.9605e+00 -4.1264e+00 +1.8588e+00
% f evaluations | g evaluations | best noise-free fitness - Fopt (7.169000000000e+01) + sum g_i+ | measured fitness | best measured fitness or single-digit g-values | x1 | x2...
1 0 +6.715667498e+01 +1.388466750e+02 +1.388466750e+02 +2.7396e+00 -6.1122e-01 +3.5860e+00 +1.9737e+00 -4.0582e+00 +4.7562e+00 +2.6114e+00 +2.8606e+00 -3.7189e+00 -4.9614e-01
2 0 +4.621548515e+01 +1.179054851e+02 +1.179054851e+02 -1.2920e+00 +4.2676e+00 +1.4387e+00 +3.2276e+00 -5.6586e-01 -2.7276e+00 +5.4585e-01 -4.3618e+00 +3.2763e+00 +1.3166e+00
3 0 +3.181862907e+01 +1.035086291e+02 +1.035086291e+02 +2.5809e+00 -1.4547e+00 +4.7070e+00 +3.9312e+00 +2.7838e+00 -3.0536e+00 -3.3279e-01 -4.5620e+00 -3.4571e+00 +1.8305e+00
5 0 +2.876210548e+01 +1.004521055e+02 +1.004521055e+02 -6.2848e-01 +3.3268e+00 +2.0027e+00 -1.8763e+00 +3.3226e+00 +3.0476e+00 -1.1252e+00 -2.1167e+00 +1.8250e+00 -3.6025e+00
7 0 +2.131960373e+01 +9.300960373e+01 +9.300960373e+01 +1.6840e+00 -2.8904e-01 +6.5236e-01 +2.6500e+00 +1.3472e+00 +5.3579e-01 +5.9207e-01 -1.9605e+00 -4.6918e+00 -6.3283e-01
12 0 +1.406469997e+01 +8.575469997e+01 +8.575469997e+01 -4.4224e-01 -2.9764e+00 -1.9404e+00 +7.9220e-01 -3.2323e+00 +3.5661e+00 +2.5852e+00 +2.1946e+00 -6.7907e-01 +1.2731e+00
129 0 +1.314323666e+01 +8.483323666e+01 +8.483323666e+01 -1.4133e+00 -9.1331e-01 -6.8481e-01 +1.3315e+00 +4.2677e+00 +4.3278e+00 -1.0851e+00 -1.7074e+00 -4.8953e-01 +6.7934e-01
185 0 +1.113335748e+01 +8.282335748e+01 +8.282335748e+01 +2.0399e+00 +2.8858e-01 +6.4951e-01 +7.2431e-01 -3.4015e-01 +2.2632e-01 +9.2340e-01 +1.3804e+00 -7.0273e-01 -8.6371e-01
200 0 +1.029750285e+01 +8.198750285e+01 +8.198750285e+01 +2.0484e+00 -8.3338e-02 +4.0853e+00 +1.7845e+00 -3.5512e-01 -1.0849e+00 -1.2404e+00 -1.7813e+00 -1.3249e+00 -6.0389e-02
557 0 +9.696034761e+00 +8.138603476e+01 +8.138603476e+01 -2.0406e+00 +1.1685e+00 +3.7475e+00 +1.4839e+00 +5.7966e-01 +2.7010e-02 -4.0278e-01 -2.3203e-01 +1.1665e+00 -1.8573e-01
718 0 +9.417588237e+00 +8.110758824e+01 +8.110758824e+01 -2.0252e+00 +1.5135e+00 +3.3770e+00 +1.0865e+00 +7.6064e-01 +2.3059e-01 -4.4822e-01 -1.3788e-01 +1.3417e+00 -3.7710e-01
735 0 +9.139540729e+00 +8.082954073e+01 +8.082954073e+01 -2.3712e+00 -2.2443e+00 +9.1826e-02 +2.5545e-02 -6.1622e-01 +3.5535e+00 -7.3611e-01 +5.2372e-01 +4.0153e-01 -1.5748e+00
757 0 +8.988588927e+00 +8.067858893e+01 +8.067858893e+01 -2.4916e+00 +2.6488e+00 +5.5413e-01 +3.2270e-01 +8.5088e-01 -1.3846e+00 -4.7651e-01 -1.0144e+00 +1.7075e+00 -1.7720e+00
906 0 +8.908399104e+00 +8.059839910e+01 +8.059839910e+01 +6.8663e-01 -1.7751e+00 +1.4429e+00 +1.5160e+00 -2.1675e+00 -1.6972e+00 -1.9619e-01 -1.7294e+00 +8.6041e-01 +5.4480e-01
919 0 +7.181710543e+00 +7.887171054e+01 +7.887171054e+01 +4.2266e-01 -4.1738e-01 -1.6219e+00 +5.1549e-01 +1.3228e+00 +1.3835e+00 +4.7976e-01 +1.8687e+00 +6.4700e-01 +4.3807e-01
997 0 +7.041869315e+00 +7.873186931e+01 +7.873186931e+01 -3.6324e+00 -1.2107e+00 -1.6632e+00 -2.2642e+00 +1.8438e+00 +4.3243e+00 -5.4303e-01 -1.2970e-01 -1.0418e+00 -3.7385e+00
1633 0 +4.044881883e+00 +7.573488188e+01 +7.573488188e+01 +4.8020e-01 -5.6580e-01 +3.0275e-01 +1.5802e+00 -1.5256e+00 +4.7250e-01 -1.1947e+00 +1.2835e+00 -1.7259e-01 +7.0068e-01
3239 0 +1.954585847e+00 +7.364458585e+01 +7.364458585e+01 +1.1569e-01 +7.3236e-01 +1.0984e+00 -1.2924e+00 +5.1368e-01 -4.9381e-01 -9.3275e-01 +9.7304e-01 +7.5036e-02 -1.4328e+00
7132 0 +1.931066490e+00 +7.362106649e+01 +7.362106649e+01 -5.2845e-02 +1.0053e+00 +1.9007e+00 -1.3704e+00 +5.7416e-01 -9.6779e-01 -1.6620e+00 +1.4069e+00 -5.0191e-01 -1.8621e+00
7140 0 +1.885988881e+00 +7.357598888e+01 +7.357598888e+01 -5.2732e-02 +1.0065e+00 +1.9032e+00 -1.3713e+00 +5.7404e-01 -9.6905e-01 -1.6595e+00 +1.4058e+00 -5.0191e-01 -1.8614e+00
7141 0 +1.842849828e+00 +7.353284983e+01 +7.353284983e+01 -5.2628e-02 +1.0075e+00 +1.9046e+00 -1.3721e+00 +5.7418e-01 -9.7008e-01 -1.6573e+00 +1.4050e+00 -5.0184e-01 -1.8611e+00
7147 0 +1.804791698e+00 +7.349479170e+01 +7.349479170e+01 -5.2518e-02 +1.0087e+00 +1.9073e+00 -1.3726e+00 +5.7539e-01 -9.7037e-01 -1.6547e+00 +1.4035e+00 -5.0187e-01 -1.8606e+00
7156 0 +1.740459348e+00 +7.343045935e+01 +7.343045935e+01 -5.2514e-02 +1.0088e+00 +1.9067e+00 -1.3728e+00 +5.7500e-01 -9.7083e-01 -1.6545e+00 +1.4038e+00 -5.0180e-01 -1.8607e+00
7157 0 +1.729148100e+00 +7.341914810e+01 +7.341914810e+01 -5.2437e-02 +1.0097e+00 +1.9082e+00 -1.3734e+00 +5.7526e-01 -9.7138e-01 -1.6521e+00 +1.4034e+00 -5.0177e-01 -1.8605e+00
7164 0 +1.677562124e+00 +7.336756212e+01 +7.336756212e+01 -5.2197e-02 +1.0117e+00 +1.9092e+00 -1.3749e+00 +5.7609e-01 -9.7357e-01 -1.6486e+00 +1.4014e+00 -5.0129e-01 -1.8605e+00
7165 0 +1.650932093e+00 +7.334093209e+01 +7.334093209e+01 -5.1967e-02 +1.0139e+00 +1.9116e+00 -1.3765e+00 +5.7667e-01 -9.7573e-01 -1.6440e+00 +1.3996e+00 -5.0100e-01 -1.8601e+00
7177 0 +1.603521680e+00 +7.329352168e+01 +7.329352168e+01 -5.1696e-02 +1.0166e+00 +1.9130e+00 -1.3784e+00 +5.7728e-01 -9.7843e-01 -1.6385e+00 +1.3981e+00 -5.0040e-01 -1.8601e+00
7180 0 +1.577270260e+00 +7.326727026e+01 +7.326727026e+01 -5.1728e-02 +1.0163e+00 +1.9115e+00 -1.3784e+00 +5.7729e-01 -9.7785e-01 -1.6387e+00 +1.3991e+00 -5.0037e-01 -1.8606e+00
7196 0 +1.545594928e+00 +7.323559493e+01 +7.323559493e+01 -5.1643e-02 +1.0171e+00 +1.9122e+00 -1.3787e+00 +5.7762e-01 -9.7888e-01 -1.6376e+00 +1.3980e+00 -5.0020e-01 -1.8604e+00
7213 0 +1.506709059e+00 +7.319670906e+01 +7.319670906e+01 -5.1475e-02 +1.0187e+00 +1.9142e+00 -1.3798e+00 +5.7715e-01 -9.8177e-01 -1.6351e+00 +1.3963e+00 -5.0001e-01 -1.8595e+00
7220 0 +1.471189315e+00 +7.316118931e+01 +7.316118931e+01 -5.1515e-02 +1.0181e+00 +1.9104e+00 -1.3796e+00 +5.7796e-01 -9.8037e-01 -1.6360e+00 +1.3975e+00 -4.9962e-01 -1.8610e+00
7224 0 +1.438667019e+00 +7.312866702e+01 +7.312866702e+01 -5.1510e-02 +1.0182e+00 +1.9104e+00 -1.3796e+00 +5.7800e-01 -9.8056e-01 -1.6362e+00 +1.3973e+00 -4.9958e-01 -1.8609e+00
7235 0 +1.411421230e+00 +7.310142123e+01 +7.310142123e+01 -5.1220e-02 +1.0209e+00 +1.9118e+00 -1.3812e+00 +5.7848e-01 -9.8433e-01 -1.6316e+00 +1.3948e+00 -4.9904e-01 -1.8605e+00
7242 0 +1.377923515e+00 +7.306792351e+01 +7.306792351e+01 -5.1300e-02 +1.0202e+00 +1.9115e+00 -1.3806e+00 +5.7854e-01 -9.8354e-01 -1.6334e+00 +1.3948e+00 -4.9917e-01 -1.8604e+00
7269 0 +1.347238584e+00 +7.303723858e+01 +7.303723858e+01 -5.1195e-02 +1.0213e+00 +1.9134e+00 -1.3813e+00 +5.7906e-01 -9.8436e-01 -1.6308e+00 +1.3938e+00 -4.9919e-01 -1.8599e+00
7345 0 +1.318204228e+00 +7.300820423e+01 +7.300820423e+01 -5.1187e-02 +1.0215e+00 +1.9157e+00 -1.3813e+00 +5.7911e-01 -9.8465e-01 -1.6307e+00 +1.3928e+00 -4.9954e-01 -1.8590e+00
17395 0 +1.282697226e+00 +7.297269723e+01 +7.297269723e+01 -6.9084e-01 +1.3608e+00 +2.4014e+00 -1.4260e+00 +5.8351e-01 -1.0497e+00 -4.7727e-01 -1.2016e-01 -4.3464e-01 -2.0807e+00
17396 0 +1.248941454e+00 +7.293894145e+01 +7.293894145e+01 -6.9111e-01 +1.3609e+00 +2.4013e+00 -1.4262e+00 +5.8340e-01 -1.0496e+00 -4.7714e-01 -1.2018e-01 -4.3455e-01 -2.0809e+00
17400 0 +1.221963013e+00 +7.291196301e+01 +7.291196301e+01 -6.9104e-01 +1.3610e+00 +2.4016e+00 -1.4261e+00 +5.8327e-01 -1.0496e+00 -4.7723e-01 -1.2016e-01 -4.3467e-01 -2.0808e+00
17406 0 +1.197082012e+00 +7.288708201e+01 +7.288708201e+01 -6.9107e-01 +1.3607e+00 +2.4015e+00 -1.4262e+00 +5.8323e-01 -1.0498e+00 -4.7723e-01 -1.2017e-01 -4.3462e-01 -2.0808e+00
17409 0 +1.143688850e+00 +7.283368885e+01 +7.283368885e+01 -6.9153e-01 +1.3609e+00 +2.4008e+00 -1.4264e+00 +5.8302e-01 -1.0497e+00 -4.7700e-01 -1.2020e-01 -4.3446e-01 -2.0812e+00
17416 0 +1.095209824e+00 +7.278520982e+01 +7.278520982e+01 -6.9157e-01 +1.3612e+00 +2.4013e+00 -1.4264e+00 +5.8264e-01 -1.0498e+00 -4.7709e-01 -1.2021e-01 -4.3458e-01 -2.0812e+00
17418 0 +1.071465520e+00 +7.276146552e+01 +7.276146552e+01 -6.9176e-01 +1.3611e+00 +2.4009e+00 -1.4266e+00 +5.8264e-01 -1.0498e+00 -4.7697e-01 -1.2024e-01 -4.3444e-01 -2.0813e+00
17419 0 +1.042504468e+00 +7.273250447e+01 +7.273250447e+01 -6.9212e-01 +1.3611e+00 +2.4005e+00 -1.4268e+00 +5.8233e-01 -1.0499e+00 -4.7684e-01 -1.2027e-01 -4.3433e-01 -2.0815e+00
17448 0 +1.015595469e+00 +7.270559547e+01 +7.270559547e+01 -6.9217e-01 +1.3613e+00 +2.4004e+00 -1.4267e+00 +5.8201e-01 -1.0499e+00 -4.7688e-01 -1.2029e-01 -4.3446e-01 -2.0816e+00
17477 0 +9.986646897e-01 +7.268866469e+01 +7.268866469e+01 -6.9250e-01 +1.3613e+00 +2.4002e+00 -1.4269e+00 +5.8190e-01 -1.0497e+00 -4.7676e-01 -1.2033e-01 -4.3432e-01 -2.0818e+00
17530 0 +9.759841643e-01 +7.266598416e+01 +7.266598416e+01 -6.9229e-01 +1.3612e+00 +2.4001e+00 -1.4269e+00 +5.8191e-01 -1.0497e+00 -4.7690e-01 -1.2033e-01 -4.3432e-01 -2.0819e+00
17559 0 +9.534479306e-01 +7.264344793e+01 +7.264344793e+01 -6.9240e-01 +1.3612e+00 +2.4001e+00 -1.4270e+00 +5.8194e-01 -1.0493e+00 -4.7692e-01 -1.2038e-01 -4.3420e-01 -2.0821e+00
17584 0 +9.328297203e-01 +7.262282972e+01 +7.262282972e+01 -6.9224e-01 +1.3612e+00 +2.4004e+00 -1.4269e+00 +5.8210e-01 -1.0488e+00 -4.7711e-01 -1.2041e-01 -4.3414e-01 -2.0821e+00
20993 0 +8.867185483e-01 +7.257671855e+01 +7.257671855e+01 -6.8236e-01 +1.2282e+00 +2.3643e+00 -1.3709e+00 +7.2907e-01 -1.0996e+00 -4.8375e-01 -1.6898e-01 -5.4060e-01 -1.8975e+00
20997 0 +8.601359391e-01 +7.255013594e+01 +7.255013594e+01 -6.8243e-01 +1.2282e+00 +2.3644e+00 -1.3707e+00 +7.2916e-01 -1.0996e+00 -4.8417e-01 -1.6942e-01 -5.4085e-01 -1.8974e+00
21018 0 +8.445182634e-01 +7.253451826e+01 +7.253451826e+01 -6.8218e-01 +1.2283e+00 +2.3644e+00 -1.3709e+00 +7.2883e-01 -1.0998e+00 -4.8386e-01 -1.6935e-01 -5.4064e-01 -1.8973e+00
21020 0 +8.181462111e-01 +7.250814621e+01 +7.250814621e+01 -6.8222e-01 +1.2282e+00 +2.3645e+00 -1.3707e+00 +7.2927e-01 -1.0995e+00 -4.8460e-01 -1.6990e-01 -5.4071e-01 -1.8973e+00
21041 0 +8.127772124e-01 +7.250277721e+01 +7.250277721e+01 -6.8193e-01 +1.2284e+00 +2.3645e+00 -1.3709e+00 +7.2876e-01 -1.0998e+00 -4.8455e-01 -1.7015e-01 -5.4069e-01 -1.8973e+00
23695 0 +7.937398404e-01 +7.248373984e+01 +7.248373984e+01 -6.6585e-01 +1.2382e+00 +2.2592e+00 -1.4074e+00 +8.3785e-01 -1.0760e+00 -5.2663e-01 -1.1990e-01 -4.8597e-01 -1.8750e+00
30072 0 +7.676290461e-01 +7.245762905e+01 +7.245762905e+01 -6.9603e-01 +1.3470e+00 +2.0455e+00 -1.4211e+00 +7.8669e-01 -1.0329e+00 -4.4347e-01 -1.1835e-02 -4.3087e-01 -1.8986e+00
30076 0 +7.507802284e-01 +7.244078023e+01 +7.244078023e+01 -6.9571e-01 +1.3469e+00 +2.0458e+00 -1.4209e+00 +7.8703e-01 -1.0332e+00 -4.4350e-01 -1.1836e-02 -4.3105e-01 -1.8982e+00
30088 0 +7.293901446e-01 +7.241939014e+01 +7.241939014e+01 -6.9529e-01 +1.3467e+00 +2.0462e+00 -1.4205e+00 +7.8776e-01 -1.0328e+00 -4.4392e-01 -1.1837e-02 -4.3165e-01 -1.8980e+00
30114 0 +7.239107769e-01 +7.241391078e+01 +7.241391078e+01 -6.9517e-01 +1.3466e+00 +2.0463e+00 -1.4202e+00 +7.8800e-01 -1.0325e+00 -4.4408e-01 -1.1838e-02 -4.3190e-01 -1.8979e+00
40000 0 +7.107712285e-01 +7.240077123e+01 +7.240077123e+01 -6.9345e-01 +1.3465e+00 +2.0477e+00 -1.4202e+00 +7.8799e-01 -1.0328e+00 -4.4377e-01 -1.1835e-02 -4.3281e-01 -1.8973e+00
% f evaluations | g evaluations | best noise-free fitness - Fopt (2.140100000000e+02) + sum g_i+ | measured fitness | best measured fitness or single-digit g-values | x1 | x2...
1 0 +4.742505332e+01 +2.614350533e+02 +2.614350533e+02 +2.7396e+00 -6.1122e-01 +3.5860e+00 +1.9737e+00 -4.0582e+00 +4.7562e+00 +2.6114e+00 +2.8606e+00 -3.7189e+00 -4.9614e-01
2 0 +1.355955524e+01 +2.275695552e+02 +2.275695552e+02 -1.2920e+00 +4.2676e+00 +1.4387e+00 +3.2276e+00 -5.6586e-01 -2.7276e+00 +5.4585e-01 -4.3618e+00 +3.2763e+00 +1.3166e+00
256 0 +1.142495857e+01 +2.254349586e+02 +2.254349586e+02 +2.7396e+00 -6.1122e-01 +3.5860e+00 +2.1912e+00 +3.7645e-01 +4.7562e+00 -8.2082e-01 +2.8606e+00 -3.7189e+00 -1.2638e+00
540 0 +1.078022371e+01 +2.247902237e+02 +2.247902237e+02 +2.1159e+00 -6.1122e-01 +3.5860e+00 +1.6102e+00 +3.7645e-01 +4.7562e+00 -8.4185e-01 +2.8606e+00 -2.4531e+00 -1.2638e+00
590 0 +9.242768429e+00 +2.232527684e+02 +2.232527684e+02 +3.6469e-01 +1.3448e+00 +7.1590e-02 +3.0770e-01 +5.2242e-01 +3.4634e+00 +1.0311e+00 -9.5717e-01 -1.0758e+00 -1.9331e-01
619 0 +8.723821922e+00 +2.227338219e+02 +2.227338219e+02 +1.9664e-01 -2.1535e+00 +1.1499e+00 -3.1888e+00 -5.8245e-01 +3.1063e+00 -2.4335e+00 -2.4622e-01 +8.4097e-02 -2.8529e+00
774 0 +8.466419404e+00 +2.224764194e+02 +2.224764194e+02 +1.6840e+00 -2.8904e-01 +4.9512e-01 -2.6065e+00 +1.3472e+00 -7.4622e-01 +9.7527e-01 -1.7872e-01 -1.0095e+00 -6.3283e-01
941 0 +8.010600234e+00 +2.220206002e+02 +2.220206002e+02 +1.9420e+00 -1.4884e+00 -7.2488e-01 +8.3691e-01 +1.3942e+00 +9.6321e-01 -2.0673e+00 +3.4070e+00 -9.6583e-01 -1.6153e+00
1105 0 +7.778159703e+00 +2.217881597e+02 +2.217881597e+02 -2.3531e+00 -2.6559e+00 +7.0852e-01 +3.8230e-01 -2.0921e-01 +2.2125e-01 +2.1708e+00 -5.2607e-01 +1.7918e+00 -8.4298e-01
1252 0 +6.992009412e+00 +2.210020094e+02 +2.210020094e+02 +1.3712e-01 -1.7185e+00 -1.8658e+00 +7.2894e-02 -1.1249e+00 +5.0423e-02 -1.4232e+00 +4.1637e-01 +1.0894e+00 +2.1297e+00
1269 0 +4.908026108e+00 +2.189180261e+02 +2.189180261e+02 -5.8237e-01 +3.5077e-01 -2.1757e-01 +2.0671e-01 -1.3599e+00 -3.3303e+00 +2.5416e+00 -3.3866e+00 +8.8462e-01 -6.9223e-01
2391 0 +4.187377648e+00 +2.181973776e+02 +2.181973776e+02 +3.1476e+00 +6.1920e-01 +1.2675e-01 -1.1439e+00 -1.4523e+00 +2.2202e+00 -2.7022e+00 +2.8220e+00 -1.4361e+00 -6.1187e-01
3244 0 +3.957102338e+00 +2.179671023e+02 +2.179671023e+02 -1.1953e+00 -6.8810e-02 -8.2884e-01 +3.0926e-01 -1.4900e+00 -2.8241e+00 +6.2824e-01 -2.9461e+00 +2.1416e-01 -5.2537e-01
4562 0 +3.827850110e+00 +2.178378501e+02 +2.178378501e+02 +1.8369e+00 -1.8775e-02 +6.9556e-01 -4.9190e-01 -9.9918e-01 -1.4092e-01 -6.0895e-01 -3.4115e-01 +1.8608e+00 -3.6882e-01
6474 0 +3.768218022e+00 +2.177782180e+02 +2.177782180e+02 +2.2731e-01 +4.6567e-02 +1.5586e+00 -1.9802e-01 +8.8931e-01 +2.3293e+00 +1.5887e-01 -2.8845e-01 +2.4759e-01 -7.9277e-01
6683 0 +3.158346327e+00 +2.171683463e+02 +2.171683463e+02 +7.1897e-01 +8.5628e-01 -4.7299e-01 +4.6694e-01 +1.7051e+00 -2.4926e+00 +1.6406e-01 +5.3334e-01 +7.1806e-01 -1.0871e-01
9890 0 +2.613577459e+00 +2.166235775e+02 +2.166235775e+02 +3.9446e-01 +3.8202e-01 -9.1325e-01 +7.8086e-01 +1.8192e+00 -2.8389e+00 +6.4844e-01 +1.1320e+00 +2.9561e-01 +6.2430e-03
9901 0 +2.283221336e+00 +2.162932213e+02 +2.162932213e+02 +3.9450e-01 +3.8164e-01 -9.1363e-01 +7.7966e-01 +1.8194e+00 -2.8411e+00 +6.4921e-01 +1.1325e+00 +2.9562e-01 +6.2411e-03
9902 0 +2.170381734e+00 +2.161803817e+02 +2.161803817e+02 +3.9453e-01 +3.8151e-01 -9.1368e-01 +7.7869e-01 +1.8196e+00 -2.8415e+00 +6.4967e-01 +1.1328e+00 +2.9571e-01 +6.2402e-03
9903 0 +2.076544492e+00 +2.160865445e+02 +2.160865445e+02 +3.9450e-01 +3.8175e-01 -9.1352e-01 +7.7942e-01 +1.8197e+00 -2.8414e+00 +6.4937e-01 +1.1324e+00 +2.9569e-01 +6.2387e-03
9904 0 +1.914741466e+00 +2.159247415e+02 +2.159247415e+02 +3.9452e-01 +3.8175e-01 -9.1346e-01 +7.7848e-01 +1.8201e+00 -2.8420e+00 +6.4987e-01 +1.1326e+00 +2.9582e-01 +6.2359e-03
9909 0 +1.815091359e+00 +2.158250914e+02 +2.158250914e+02 +3.9456e-01 +3.8161e-01 -9.1330e-01 +7.7896e-01 +1.8199e+00 -2.8409e+00 +6.4963e-01 +1.1324e+00 +2.9586e-01 +6.2379e-03
9927 0 +1.774068869e+00 +2.157840689e+02 +2.157840689e+02 +3.9456e-01 +3.8146e-01 -9.1326e-01 +7.7916e-01 +1.8202e+00 -2.8418e+00 +6.4971e-01 +1.1325e+00 +2.9578e-01 +6.2372e-03
9955 0 +1.722393940e+00 +2.157323939e+02 +2.157323939e+02 +3.9454e-01 +3.8143e-01 -9.1315e-01 +7.7932e-01 +1.8203e+00 -2.8413e+00 +6.4954e-01 +1.1324e+00 +2.9583e-01 +6.2382e-03
9969 0 +1.692263489e+00 +2.157022635e+02 +2.157022635e+02 +3.9454e-01 +3.8153e-01 -9.1307e-01 +7.7912e-01 +1.8204e+00 -2.8414e+00 +6.4968e-01 +1.1325e+00 +2.9583e-01 +6.2364e-03
10069 0 +1.659419019e+00 +2.156694190e+02 +2.156694190e+02 +3.9452e-01 +3.8204e-01 -9.1307e-01 +7.7923e-01 +1.8202e+00 -2.8415e+00 +6.4969e-01 +1.1323e+00 +2.9568e-01 +6.2335e-03
10098 0 +1.618169261e+00 +2.156281693e+02 +2.156281693e+02 +3.9449e-01 +3.8268e-01 -9.1305e-01 +7.7892e-01 +1.8202e+00 -2.8419e+00 +6.4992e-01 +1.1322e+00 +2.9551e-01 +6.2282e-03
10112 0 +1.581188511e+00 +2.155911885e+02 +2.155911885e+02 +3.9446e-01 +3.8348e-01 -9.1308e-01 +7.7870e-01 +1.8200e+00 -2.8424e+00 +6.5012e-01 +1.1322e+00 +2.9524e-01 +6.2220e-03
10126 0 +1.536577576e+00 +2.155465776e+02 +2.155465776e+02 +3.9439e-01 +3.8482e-01 -9.1317e-01 +7.7804e-01 +1.8197e+00 -2.8430e+00 +6.5051e-01 +1.1322e+00 +2.9486e-01 +6.2119e-03
10139 0 +1.506048600e+00 +2.155160486e+02 +2.155160486e+02 +3.9436e-01 +3.8560e-01 -9.1331e-01 +7.7798e-01 +1.8195e+00 -2.8436e+00 +6.5069e-01 +1.1321e+00 +2.9451e-01 +6.2063e-03
10143 0 +1.474446538e+00 +2.154844465e+02 +2.154844465e+02 +3.9435e-01 +3.8599e-01 -9.1335e-01 +7.7775e-01 +1.8195e+00 -2.8438e+00 +6.5089e-01 +1.1321e+00 +2.9438e-01 +6.2032e-03
10144 0 +1.445275951e+00 +2.154552760e+02 +2.154552760e+02 +3.9434e-01 +3.8653e-01 -9.1343e-01 +7.7753e-01 +1.8194e+00 -2.8442e+00 +6.5111e-01 +1.1320e+00 +2.9418e-01 +6.1991e-03
10157 0 +1.408871842e+00 +2.154188718e+02 +2.154188718e+02 +3.9427e-01 +3.8772e-01 -9.1363e-01 +7.7699e-01 +1.8191e+00 -2.8449e+00 +6.5146e-01 +1.1320e+00 +2.9375e-01 +6.1903e-03
10187 0 +1.379426758e+00 +2.153894268e+02 +2.153894268e+02 +3.9426e-01 +3.8851e-01 -9.1381e-01 +7.7641e-01 +1.8190e+00 -2.8455e+00 +6.5188e-01 +1.1321e+00 +2.9345e-01 +6.1838e-03
10302 0 +1.345116820e+00 +2.153551168e+02 +2.153551168e+02 +3.9446e-01 +3.8787e-01 -9.1403e-01 +7.7675e-01 +1.8186e+00 -2.8456e+00 +6.5213e-01 +1.1320e+00 +2.9333e-01 +6.1843e-03
10315 0 +1.318215763e+00 +2.153282158e+02 +2.153282158e+02 +3.9466e-01 +3.8752e-01 -9.1430e-01 +7.7704e-01 +1.8182e+00 -2.8457e+00 +6.5247e-01 +1.1320e+00 +2.9309e-01 +6.1832e-03
10329 0 +1.286794551e+00 +2.152967946e+02 +2.152967946e+02 +3.9490e-01 +3.8725e-01 -9.1460e-01 +7.7733e-01 +1.8177e+00 -2.8459e+00 +6.5294e-01 +1.1319e+00 +2.9275e-01 +6.1804e-03
10343 0 +1.257342971e+00 +2.152673430e+02 +2.152673430e+02 +3.9531e-01 +3.8702e-01 -9.1515e-01 +7.7794e-01 +1.8165e+00 -2.8463e+00 +6.5377e-01 +1.1316e+00 +2.9206e-01 +6.1738e-03
10357 0 +1.229578438e+00 +2.152395784e+02 +2.152395784e+02 +3.9568e-01 +3.8616e-01 -9.1557e-01 +7.7866e-01 +1.8159e+00 -2.8465e+00 +6.5433e-01 +1.1313e+00 +2.9169e-01 +6.1726e-03
10470 0 +1.199798308e+00 +2.152097983e+02 +2.152097983e+02 +3.9610e-01 +3.8547e-01 -9.1614e-01 +7.7924e-01 +1.8153e+00 -2.8475e+00 +6.5525e-01 +1.1307e+00 +2.9130e-01 +6.1661e-03
10483 0 +1.173696038e+00 +2.151836960e+02 +2.151836960e+02 +3.9634e-01 +3.8537e-01 -9.1653e-01 +7.7937e-01 +1.8149e+00 -2.8482e+00 +6.5596e-01 +1.1303e+00 +2.9101e-01 +6.1591e-03
10493 0 +1.147438892e+00 +2.151574389e+02 +2.151574389e+02 +3.9670e-01 +3.8557e-01 -9.1720e-01 +7.7946e-01 +1.8141e+00 -2.8496e+00 +6.5713e-01 +1.1296e+00 +2.9041e-01 +6.1459e-03
10497 0 +1.118409072e+00 +2.151284091e+02 +2.151284091e+02 +3.9718e-01 +3.8459e-01 -9.1779e-01 +7.8010e-01 +1.8136e+00 -2.8505e+00 +6.5818e-01 +1.1287e+00 +2.9015e-01 +6.1387e-03
10507 0 +1.088215325e+00 +2.150982153e+02 +2.150982153e+02 +3.9730e-01 +3.8520e-01 -9.1817e-01 +7.7978e-01 +1.8133e+00 -2.8516e+00 +6.5894e-01 +1.1282e+00 +2.8983e-01 +6.1275e-03
10508 0 +1.065246611e+00 +2.150752466e+02 +2.150752466e+02 +3.9751e-01 +3.8515e-01 -9.1855e-01 +7.7982e-01 +1.8130e+00 -2.8524e+00 +6.5963e-01 +1.1277e+00 +2.8959e-01 +6.1206e-03
10519 0 +1.037945850e+00 +2.150479459e+02 +2.150479459e+02 +3.9838e-01 +3.8473e-01 -9.1998e-01 +7.8034e-01 +1.8118e+00 -2.8556e+00 +6.6227e-01 +1.1257e+00 +2.8868e-01 +6.0933e-03
10520 0 +1.020837754e+00 +2.150308378e+02 +2.150308378e+02 +3.9884e-01 +3.8474e-01 -9.2080e-01 +7.8045e-01 +1.8112e+00 -2.8575e+00 +6.6382e-01 +1.1245e+00 +2.8814e-01 +6.0762e-03
10527 0 +9.988261172e-01 +2.150088261e+02 +2.150088261e+02 +3.9916e-01 +3.8415e-01 -9.2126e-01 +7.8065e-01 +1.8108e+00 -2.8579e+00 +6.6456e-01 +1.1241e+00 +2.8792e-01 +6.0720e-03
10535 0 +9.714489264e-01 +2.149814489e+02 +2.149814489e+02 +3.9887e-01 +3.8415e-01 -9.2075e-01 +7.8036e-01 +1.8118e+00 -2.8575e+00 +6.6388e-01 +1.1243e+00 +2.8850e-01 +6.0781e-03
10544 0 +9.487907167e-01 +2.149587907e+02 +2.149587907e+02 +3.9972e-01 +3.8449e-01 -9.2235e-01 +7.8042e-01 +1.8104e+00 -2.8611e+00 +6.6689e-01 +1.1221e+00 +2.8737e-01 +6.0441e-03
10548 0 +9.281776442e-01 +2.149381776e+02 +2.149381776e+02 +3.9888e-01 +3.8465e-01 -9.2098e-01 +7.7989e-01 +1.8119e+00 -2.8586e+00 +6.6443e-01 +1.1237e+00 +2.8852e-01 +6.0688e-03
10556 0 +9.012254918e-01 +2.149112255e+02 +2.149112255e+02 +3.9982e-01 +3.8535e-01 -9.2277e-01 +7.7976e-01 +1.8107e+00 -2.8632e+00 +6.6803e-01 +1.1209e+00 +2.8730e-01 +6.0262e-03
10563 0 +8.838205493e-01 +2.148938205e+02 +2.148938205e+02 +3.9969e-01 +3.8560e-01 -9.2262e-01 +7.7942e-01 +1.8113e+00 -2.8635e+00 +6.6797e-01 +1.1207e+00 +2.8758e-01 +6.0245e-03
10577 0 +8.641246052e-01 +2.148741246e+02 +2.148741246e+02 +4.0010e-01 +3.8661e-01 -9.2369e-01 +7.7871e-01 +1.8108e+00 -2.8667e+00 +6.7015e-01 +1.1191e+00 +2.8694e-01 +5.9963e-03
10587 0 +8.445996616e-01 +2.148545997e+02 +2.148545997e+02 +3.9943e-01 +3.8653e-01 -9.2250e-01 +7.7843e-01 +1.8120e+00 -2.8643e+00 +6.6803e-01 +1.1204e+00 +2.8793e-01 +6.0185e-03
10642 0 +8.301615033e-01 +2.148401615e+02 +2.148401615e+02 +3.9953e-01 +3.8694e-01 -9.2282e-01 +7.7813e-01 +1.8118e+00 -2.8651e+00 +6.6864e-01 +1.1200e+00 +2.8771e-01 +6.0102e-03
40000 0 +8.248725042e-01 +2.148348725e+02 +2.148348725e+02 +3.9944e-01 +3.8781e-01 -9.2285e-01 +7.7766e-01 +1.8118e+00 -2.8656e+00 +6.6884e-01 +1.1199e+00 +2.8756e-01 +6.0041e-03
% f evaluations | g evaluations | best noise-free fitness - Fopt (-5.848000000000e+01) + sum g_i+ | measured fitness | best measured fitness or single-digit g-values | x1 | x2...
1 0 +5.112572005e+01 -7.354279945e+00 -7.354279945e+00 +2.7396e+00 -6.1122e-01 +3.5860e+00 +1.9737e+00 -4.0582e+00 +4.7562e+00 +2.6114e+00 +2.8606e+00 -3.7189e+00 -4.9614e-01
2 0 +2.145690691e+01 -3.702309309e+01 -3.702309309e+01 -1.2920e+00 +4.2676e+00 +1.4387e+00 +3.2276e+00 -5.6586e-01 -2.7276e+00 +5.4585e-01 -4.3618e+00 +3.2763e+00 +1.3166e+00
7 0 +1.887087121e+01 -3.960912879e+01 -3.960912879e+01 +1.6840e+00 -2.8904e-01 +6.5236e-01 +2.6500e+00 +1.3472e+00 +5.3579e-01 +5.9207e-01 -1.9605e+00 -4.6918e+00 -6.3283e-01
12 0 +1.640866321e+01 -4.207133679e+01 -4.207133679e+01 -4.4224e-01 -2.9764e+00 -1.9404e+00 +7.9220e-01 -3.2323e+00 +3.5661e+00 +2.5852e+00 +2.1946e+00 -6.7907e-01 +1.2731e+00
50 0 +1.460422601e+01 -4.387577399e+01 -4.387577399e+01 +2.0200e+00 +1.4795e+00 +1.5243e+00 -1.8379e+00 +2.8743e+00 +4.9144e-01 -6.8582e-01 +1.2601e+00 -1.3934e+00 +1.2739e-01
159 0 +8.740949376e+00 -4.973905062e+01 -4.973905062e+01 +3.8990e+00 -1.8565e+00 -9.8338e-01 -2.3191e+00 +1.0630e+00 +4.3881e+00 -1.5536e+00 +5.7002e-01 -2.0370e+00 -3.3020e+00
230 0 +8.740949376e+00 -4.973905062e+01 -4.973905062e+01 +3.8990e+00 -1.8565e+00 -9.8338e-01 -2.3191e+00 +1.0630e+00 +4.3881e+00 -1.5536e+00 +5.7002e-01 -2.0370e+00 -3.3020e+00
% f evaluations | g evaluations | best noise-free fitness - Fopt (-6.130800000000e+02) + sum g_i+ | measured fitness | best measured fitness or single-digit g-values | x1 | x2...
1 0 +2.433559624e+01 -5.887444038e+02 -5.887444038e+02 +2.7396e+00 -6.1122e-01 +3.5860e+00 +1.9737e+00 -4.0582e+00 +4.7562e+00 +2.6114e+00 +2.8606e+00 -3.7189e+00 -4.9614e-01
7 0 +2.416445490e+01 -5.889155451e+02 -5.889155451e+02 +1.6840e+00 -2.8904e-01 +6.5236e-01 +2.6500e+00 +1.3472e+00 +5.3579e-01 +5.9207e-01 -1.9605e+00 -4.6918e+00 -6.3283e-01
12 0 +1.175805076e+01 -6.013219492e+02 -6.013219492e+02 -4.4224e-01 -2.9764e+00 -1.9404e+00 +7.9220e-01 -3.2323e+00 +3.5661e+00 +2.5852e+00 +2.1946e+00 -6.7907e-01 +1.2731e+00
50 0 +1.152265425e+01 -6.015573457e+02 -6.015573457e+02 +2.0200e+00 +1.4795e+00 +1.5243e+00 -1.8379e+00 +2.8743e+00 +4.9144e-01 -6.8582e-01 +1.2601e+00 -1.3934e+00 +1.2739e-01
230 0 +1.152265425e+01 -6.015573457e+02 -6.015573457e+02 +2.0200e+00 +1.4795e+00 +1.5243e+00 -1.8379e+00 +2.8743e+00 +4.9144e-01 -6.8582e-01 +1.2601e+00 -1.3934e+00 +1.2739e-01
