% f evaluations | g evaluations | best noise-free fitness - Fopt (7.627000000000e+01) + sum g_i+ | measured fitness | best measured fitness or single-digit g-values | x1 | x2...
1 0 +2.039485884e+06 +2.039562154e+06 +2.039562154e+06 +2.7396e+00 -6.1122e-01 +3.5860e+00 +1.9737e+00 -4.0582e+00
12 0 +1.350689667e+04 +1.358316667e+04 +1.358316667e+04 +2.8073e+00 -4.1084e-01 +6.8741e-01 -3.6020e+00 -3.8547e+00
30 0 +1.286664498e+04 +1.294291498e+04 +1.294291498e+04 -2.3302e+00 -1.6843e+00 +2.0672e-01 -6.1089e-01 -4.7839e+00
40 0 +3.827307031e+03 +3.903577031e+03 +3.903577031e+03 -3.2073e+00 +9.9383e-01 +3.7456e+00 -3.0357e+00 -1.8968e+00
75 0 +2.192054378e+03 +2.268324378e+03 +2.268324378e+03 +2.6253e+00 -2.2947e+00 -1.3581e+00 -1.8556e+00 -3.4239e+00
151 0 +4.150454888e+01 +1.177745489e+02 +1.177745489e+02 +1.2920e+00 -1.7823e+00 -7.3778e-01 -2.6576e+00 +7.4820e-01
1202 0 +1.921799661e+01 +9.548799661e+01 +9.548799661e+01 +7.2627e-01 -4.2770e+00 -1.6936e+00 +1.7433e+00 -4.4903e-01
1411 0 +1.323925203e+01 +8.950925203e+01 +8.950925203e+01 -5.2176e-02 -3.8614e+00 -2.7161e+00 +5.4814e-01 -1.1530e+00
1522 0 +1.254223276e+01 +8.881223276e+01 +8.881223276e+01 -1.0415e+00 -3.3156e+00 -8.7142e-01 +1.3176e+00 -2.7445e+00
2364 0 +7.523085114e+00 +8.379308511e+01 +8.379308511e+01 -9.5385e-01 -4.1679e+00 -2.4385e+00 +1.8597e+00 -3.0456e+00
2409 0 +6.783451921e+00 +8.305345192e+01 +8.305345192e+01 +5.3093e-01 -3.4917e+00 -1.3437e+00 +6.5743e-01 -1.0954e+00
2655 0 +6.330220966e+00 +8.260022097e+01 +8.260022097e+01 -1.0862e-01 -3.6818e+00 -1.8402e+00 +9.4393e-01 -1.7699e+00
2811 0 +4.508061604e+00 +8.077806160e+01 +8.077806160e+01 -1.8841e+00 -3.4644e+00 -2.6022e+00 +3.3804e-01 -1.2804e+00
2813 0 +3.797461445e+00 +8.006746144e+01 +8.006746144e+01 -7.8307e-01 -3.9201e+00 -2.2935e+00 +1.2576e+00 -1.8856e+00
3516 0 +1.331519888e+00 +7.760151989e+01 +7.760151989e+01 -1.4594e+00 -3.3138e+00 -2.0606e+00 +3.0743e-01 -1.1160e+00
3549 0 +1.239330560e+00 +7.750933056e+01 +7.750933056e+01 -2.8411e-01 -3.5360e+00 -1.2480e+00 +1.1219e+00 -1.7444e+00
3818 0 +1.609457160e-01 +7.643094572e+01 +7.643094572e+01 -1.1977e+00 -3.0732e+00 -1.4135e+00 +3.6033e-01 -1.8008e+00
4390 0 +1.156522851e-01 +7.638565229e+01 +7.638565229e+01 -9.6208e-01 -3.1497e+00 -1.4018e+00 +4.1846e-01 -1.5724e+00
4420 0 +5.805589628e-02 +7.632805590e+01 +7.632805590e+01 -1.0498e+00 -3.0377e+00 -1.1971e+00 +4.0762e-01 -1.7837e+00
4911 0 +4.443651291e-02 +7.631443651e+01 +7.631443651e+01 -8.6057e-01 -3.0619e+00 -1.1442e+00 +4.3421e-01 -1.7209e+00
5028 0 +3.474141710e-02 +7.630474142e+01 +7.630474142e+01 -9.2940e-01 -3.2167e+00 -1.3190e+00 +6.4272e-01 -1.8536e+00
5301 0 +2.171646184e-02 +7.629171646e+01 +7.629171646e+01 -9.5298e-01 -3.1573e+00 -1.2503e+00 +5.4245e-01 -1.5975e+00
5359 0 +8.846246335e-03 +7.627884625e+01 +7.627884625e+01 -9.1978e-01 -3.1149e+00 -1.1931e+00 +5.2560e-01 -1.7878e+00
5607 0 +5.952857968e-03 +7.627595286e+01 +7.627595286e+01 -9.4898e-01 -3.1685e+00 -1.2541e+00 +5.8408e-01 -1.7443e+00
5831 0 +5.096019217e-03 +7.627509602e+01 +7.627509602e+01 -9.2031e-01 -3.1708e+00 -1.2152e+00 +6.0800e-01 -1.7362e+00
5834 0 +3.438672143e-03 +7.627343867e+01 +7.627343867e+01 -9.6150e-01 -3.1328e+00 -1.2299e+00 +5.3512e-01 -1.7353e+00
6009 0 +3.108504459e-03 +7.627310850e+01 +7.627310850e+01 -9.3713e-01 -3.1249e+00 -1.2397e+00 +5.1149e-01 -1.7613e+00
6013 0 +2.694779649e-03 +7.627269478e+01 +7.627269478e+01 -9.1885e-01 -3.1437e+00 -1.2404e+00 +5.3875e-01 -1.7395e+00
6073 0 +2.486394314e-03 +7.627248639e+01 +7.627248639e+01 -9.2203e-01 -3.1497e+00 -1.2630e+00 +5.3807e-01 -1.7599e+00
6141 0 +1.929397293e-03 +7.627192940e+01 +7.627192940e+01 -9.6803e-01 -3.1417e+00 -1.2270e+00 +5.5449e-01 -1.7271e+00
6148 0 +6.597397808e-04 +7.627065974e+01 +7.627065974e+01 -9.5583e-01 -3.1541e+00 -1.2512e+00 +5.6234e-01 -1.7546e+00
6311 0 +5.150957229e-04 +7.627051510e+01 +7.627051510e+01 -9.4562e-01 -3.1465e+00 -1.2371e+00 +5.5768e-01 -1.7681e+00
6477 0 +4.059989781e-04 +7.627040600e+01 +7.627040600e+01 -9.3732e-01 -3.1419e+00 -1.2273e+00 +5.5124e-01 -1.7528e+00
6490 0 +2.451699731e-04 +7.627024517e+01 +7.627024517e+01 -9.5148e-01 -3.1485e+00 -1.2365e+00 +5.6019e-01 -1.7487e+00
6654 0 +1.742205960e-04 +7.627017422e+01 +7.627017422e+01 -9.4509e-01 -3.1525e+00 -1.2371e+00 +5.6537e-01 -1.7469e+00
6936 0 +1.016432178e-04 +7.627010164e+01 +7.627010164e+01 -9.4357e-01 -3.1541e+00 -1.2480e+00 +5.6008e-01 -1.7462e+00
6943 0 +9.843712670e-05 +7.627009844e+01 +7.627009844e+01 -9.4697e-01 -3.1484e+00 -1.2390e+00 +5.5594e-01 -1.7429e+00
7098 0 +5.119152786e-05 +7.627005119e+01 +7.627005119e+01 -9.3457e-01 -3.1527e+00 -1.2404e+00 +5.6067e-01 -1.7460e+00
7387 0 +4.104731816e-05 +7.627004105e+01 +7.627004105e+01 -9.3599e-01 -3.1487e+00 -1.2413e+00 +5.5309e-01 -1.7477e+00
7394 0 +2.163796350e-05 +7.627002164e+01 +7.627002164e+01 -9.3855e-01 -3.1485e+00 -1.2414e+00 +5.5356e-01 -1.7498e+00
7418 0 +1.695199003e-05 +7.627001695e+01 +7.627001695e+01 -9.3870e-01 -3.1502e+00 -1.2434e+00 +5.5450e-01 -1.7443e+00
7544 0 +1.602111169e-05 +7.627001602e+01 +7.627001602e+01 -9.3957e-01 -3.1516e+00 -1.2450e+00 +5.5683e-01 -1.7482e+00
7654 0 +9.554017453e-07 +7.627000096e+01 +7.627000096e+01 -9.3836e-01 -3.1502e+00 -1.2427e+00 +5.5549e-01 -1.7479e+00
7713 0 +5.579560423e-07 +7.627000056e+01 +7.627000056e+01 -9.3805e-01 -3.1505e+00 -1.2426e+00 +5.5586e-01 -1.7466e+00
7949 0 +5.228157676e-07 +7.627000052e+01 +7.627000052e+01 -9.3827e-01 -3.1502e+00 -1.2422e+00 +5.5587e-01 -1.7476e+00
8445 0 +3.890320528e-07 +7.627000039e+01 +7.627000039e+01 -9.3831e-01 -3.1502e+00 -1.2420e+00 +5.5587e-01 -1.7474e+00
8538 0 +3.303109679e-07 +7.627000033e+01 +7.627000033e+01 -9.3831e-01 -3.1504e+00 -1.2425e+00 +5.5588e-01 -1.7476e+00
8626 0 +1.826466303e-07 +7.627000018e+01 +7.627000018e+01 -9.3822e-01 -3.1505e+00 -1.2425e+00 +5.5607e-01 -1.7476e+00
8671 0 +5.889936006e-08 +7.627000006e+01 +7.627000006e+01 -9.3848e-01 -3.1505e+00 -1.2426e+00 +5.5598e-01 -1.7472e+00
8736 0 +5.531218505e-08 +7.627000006e+01 +7.627000006e+01 -9.3832e-01 -3.1503e+00 -1.2424e+00 +5.5582e-01 -1.7472e+00
8863 0 +2.945516542e-08 +7.627000003e+01 +7.627000003e+01 -9.3836e-01 -3.1504e+00 -1.2423e+00 +5.5612e-01 -1.7472e+00
9027 0 +2.656646814e-08 +7.627000003e+01 +7.627000003e+01 -9.3829e-01 -3.1504e+00 -1.2424e+00 +5.5590e-01 -1.7472e+00
9080 0 +6.595229252e-09 +7.627000001e+01 +7.627000001e+01 -9.3834e-01 -3.1504e+00 -1.2424e+00 +5.5604e-01 -1.7472e+00
11221 0 +5.542233339e-13 +7.627000000e+01 +7.627000000e+01 -9.3840e-01 -3.1504e+00 -1.2424e+00 +5.5600e-01 -1.7472e+00
12049 0 +0.000000000e+00 +7.627000000e+01 +7.627000000e+01 -9.3840e-01 -3.1504e+00 -1.2424e+00 +5.5600e-01 -1.7472e+00
20000 0 +0.000000000e+00 +7.627000000e+01 +7.627000000e+01 -9.3840e-01 -3.1504e+00 -1.2424e+00 +5.5600e-01 -1.7472e+00
% f evaluations | g evaluations | best noise-free fitness - Fopt (-2.255000000000e+01) + sum g_i+ | measured fitness | best measured fitness or single-digit g-values | x1 | x2...
1 0 +2.111009298e+07 +2.111007043e+07 +2.111007043e+07 +2.7396e+00 -6.1122e-01 +3.5860e+00 +1.9737e+00 -4.0582e+00
2 0 +8.031821223e+06 +8.031798673e+06 +8.031798673e+06 +4.7562e+00 +2.6114e+00 +2.8606e+00 -3.7189e+00 -4.9614e-01
3 0 +3.060982099e+05 +3.060756599e+05 +3.060756599e+05 -1.2920e+00 +4.2676e+00 +1.4387e+00 +3.2276e+00 -5.6586e-01
7 0 +1.047321205e+05 +1.047095705e+05 +1.047095705e+05 +2.4476e+00 +4.6751e+00 -1.7417e+00 -1.2954e+00 -3.0444e-01
13 0 +7.729134258e+04 +7.726879258e+04 +7.726879258e+04 +1.6840e+00 -2.8904e-01 +6.5236e-01 +2.6500e+00 +1.3472e+00
15 0 +1.667221711e+04 +1.664966711e+04 +1.664966711e+04 -2.8542e+00 -9.1471e-01 +3.5340e+00 -2.6606e+00 -4.4170e+00
25 0 +9.685118586e+03 +9.662568586e+03 +9.662568586e+03 +8.4098e-01 +1.4985e+00 -4.1556e+00 -8.4193e-01 -4.5839e+00
45 0 +3.735244867e+03 +3.712694867e+03 +3.712694867e+03 -1.9905e+00 -1.1416e-01 +1.6286e+00 +4.5562e+00 -2.1355e+00
193 0 +1.888971573e+03 +1.866421573e+03 +1.866421573e+03 +4.1635e+00 -1.7352e+00 -1.0212e+00 +8.6672e-01 +1.9877e+00
280 0 +1.554751503e+03 +1.532201503e+03 +1.532201503e+03 +3.3346e+00 -4.4804e+00 +4.0289e+00 -3.7248e+00 +3.0083e+00
308 0 +4.454547239e+02 +4.229047239e+02 +4.229047239e+02 +1.7919e+00 -9.2930e-02 -2.6681e-01 +7.1728e-01 -2.6511e-01
485 0 +2.773836862e+02 +2.548336862e+02 +2.548336862e+02 +1.7962e+00 -2.0963e+00 +3.5621e+00 -2.1251e-01 +2.1816e+00
516 0 +6.572827062e+01 +4.317827062e+01 +4.317827062e+01 -1.0072e+00 +1.2046e+00 +3.8305e+00 -3.2492e+00 -1.7157e+00
711 0 +6.173112200e+01 +3.918112200e+01 +3.918112200e+01 +3.0469e+00 -6.4559e-01 -1.2231e+00 -1.1061e+00 -1.3114e-01
1224 0 +5.392327261e+01 +3.137327261e+01 +3.137327261e+01 +3.0332e+00 +3.1244e+00 -7.0178e-02 -3.6965e+00 +2.1954e-01
1339 0 +2.854793338e+01 +5.997933385e+00 +5.997933385e+00 +1.2258e+00 -1.7694e-01 +3.2264e-01 -1.6916e+00 -1.2994e+00
1665 0 +1.933868690e+01 -3.211313095e+00 -3.211313095e+00 +3.0769e-01 +1.8271e+00 +1.9571e+00 -1.8318e+00 -1.0541e+00
% f evaluations | g evaluations | best noise-free fitness - Fopt (1.366000000000e+01) + sum g_i+ | measured fitness | best measured fitness or single-digit g-values | x1 | x2...
1 0 +6.474641787e+05 +6.474778387e+05 +6.474778387e+05 +2.7396e+00 -6.1122e-01 +3.5860e+00 +1.9737e+00 -4.0582e+00
4 0 +5.670013318e+05 +5.670149918e+05 +5.670149918e+05 -2.7276e+00 +5.4585e-01 -4.3618e+00 +3.2763e+00 +1.3166e+00
7 0 +1.309663599e+05 +1.309800199e+05 +1.309800199e+05 +2.4476e+00 +4.6751e+00 -1.7417e+00 -1.2954e+00 -3.0444e-01
19 0 +4.261863296e+04 +4.263229296e+04 +4.263229296e+04 -3.4769e+00 +1.9632e+00 -5.3844e-01 -1.1898e+00 -1.9849e+00
76 0 +3.102175470e+04 +3.103541470e+04 +3.103541470e+04 -3.5222e+00 +4.3613e+00 -6.2096e-01 -1.1668e+00 +2.2969e+00
117 0 +7.342915668e+02 +7.479515668e+02 +7.479515668e+02 +4.8886e+00 +4.2781e+00 +1.3235e+00 +1.3247e+00 +9.0915e-01
285 0 +6.515582185e+02 +6.652182185e+02 +6.652182185e+02 +1.6431e+00 -1.5761e+00 +3.1402e+00 +4.5371e+00 -4.9647e+00
545 0 +5.892052811e+02 +6.028652811e+02 +6.028652811e+02 -6.2107e-01 +8.3290e-01 +3.2277e+00 +2.1692e+00 -1.9175e+00
550 0 +2.641898120e+02 +2.778498120e+02 +2.778498120e+02 -3.4769e+00 +2.3737e+00 +2.7908e+00 -1.1898e+00 -8.4131e-01
639 0 +6.513746901e+01 +7.879746901e+01 +7.879746901e+01 +3.8788e+00 +3.8554e+00 -1.6779e+00 -8.9736e-01 -1.2466e+00
676 0 +2.414018452e+01 +3.780018452e+01 +3.780018452e+01 +2.1394e+00 +1.5818e+00 -1.1613e-01 +3.9392e+00 -2.7710e-01
783 0 +1.314612913e+01 +2.680612913e+01 +2.680612913e+01 -8.4617e-01 +2.4670e+00 +8.0153e-01 -3.9455e-01 -1.1355e+00
2329 0 +1.182499109e+01 +2.548499109e+01 +2.548499109e+01 +1.9795e-01 +3.4154e+00 +1.4374e+00 -2.5648e+00 -1.7920e+00
2586 0 +1.169134269e+01 +2.535134269e+01 +2.535134269e+01 +1.6544e-01 +1.3038e+00 +3.8293e+00 +1.7174e+00 -1.7681e+00
2857 0 +9.895125472e+00 +2.355512547e+01 +2.355512547e+01 +3.2260e-01 +1.5910e+00 +3.9518e-01 +1.1951e+00 -1.8108e+00
3016 0 +6.046056749e+00 +1.970605675e+01 +1.970605675e+01 +1.0611e-01 +1.9048e+00 +6.7214e-01 -1.6730e-01 -2.3284e+00
3211 0 +2.734146121e+00 +1.639414612e+01 +1.639414612e+01 -2.3107e-01 +2.4261e+00 +2.6880e+00 +9.2891e-01 -3.2984e-01
3832 0 +2.675739510e+00 +1.633573951e+01 +1.633573951e+01 +9.5043e-01 +2.6965e+00 +3.6721e+00 -6.2133e-01 -1.7019e+00
4410 0 +1.892325172e+00 +1.555232517e+01 +1.555232517e+01 +8.3516e-01 +2.5361e+00 +2.5869e+00 +1.0976e+00 -4.6412e-01
4481 0 +1.051847419e+00 +1.471184742e+01 +1.471184742e+01 -3.9561e-02 +2.2904e+00 +2.8757e+00 +5.3535e-01 -9.8507e-01
4606 0 +7.923292580e-01 +1.445232926e+01 +1.445232926e+01 +6.6933e-01 +1.8686e+00 +2.0684e+00 +8.0756e-01 -1.8006e+00
4719 0 +2.797007827e-01 +1.393970078e+01 +1.393970078e+01 +3.9056e-01 +2.0576e+00 +2.9209e+00 +4.4732e-01 -1.6539e+00
5000 0 +1.684962314e-01 +1.382849623e+01 +1.382849623e+01 +3.9810e-01 +2.1824e+00 +2.7011e+00 +2.9113e-01 -1.5766e+00
5258 0 +8.844741195e-02 +1.374844741e+01 +1.374844741e+01 +5.0232e-01 +2.2646e+00 +2.5630e+00 +3.2640e-01 -1.4486e+00
5331 0 +5.735552779e-02 +1.371735553e+01 +1.371735553e+01 +5.1025e-01 +2.2049e+00 +2.7164e+00 +3.6878e-01 -1.5199e+00
5531 0 +4.038650577e-02 +1.370038651e+01 +1.370038651e+01 +5.0453e-01 +2.2670e+00 +2.6870e+00 +4.5708e-01 -1.3341e+00
5537 0 +1.767789058e-02 +1.367767789e+01 +1.367767789e+01 +3.2655e-01 +2.2271e+00 +2.6861e+00 +3.7658e-01 -1.3937e+00
5871 0 +1.666095074e-02 +1.367666095e+01 +1.367666095e+01 +3.7800e-01 +2.2010e+00 +2.6882e+00 +3.7522e-01 -1.4626e+00
6021 0 +1.427577598e-02 +1.367427578e+01 +1.367427578e+01 +4.0222e-01 +2.1728e+00 +2.5755e+00 +3.6046e-01 -1.5356e+00
6052 0 +1.344329921e-02 +1.367344330e+01 +1.367344330e+01 +4.5807e-01 +2.1687e+00 +2.6261e+00 +3.6826e-01 -1.5603e+00
6065 0 +1.125582479e-02 +1.367125582e+01 +1.367125582e+01 +4.8429e-01 +2.2760e+00 +2.7173e+00 +3.2144e-01 -1.4251e+00
6069 0 +5.122727877e-03 +1.366512273e+01 +1.366512273e+01 +4.4200e-01 +2.2552e+00 +2.6267e+00 +3.0544e-01 -1.4567e+00
6217 0 +4.433432654e-03 +1.366443343e+01 +1.366443343e+01 +4.2779e-01 +2.2192e+00 +2.6138e+00 +3.2387e-01 -1.4972e+00
6329 0 +2.368426002e-03 +1.366236843e+01 +1.366236843e+01 +4.4270e-01 +2.2259e+00 +2.6485e+00 +3.6106e-01 -1.4601e+00
6505 0 +1.844978902e-03 +1.366184498e+01 +1.366184498e+01 +4.1303e-01 +2.2003e+00 +2.6666e+00 +3.8144e-01 -1.4742e+00
6582 0 +1.749615036e-03 +1.366174962e+01 +1.366174962e+01 +4.3172e-01 +2.2379e+00 +2.6489e+00 +3.4537e-01 -1.4480e+00
6708 0 +2.657488551e-04 +1.366026575e+01 +1.366026575e+01 +4.3003e-01 +2.2168e+00 +2.6589e+00 +3.5287e-01 -1.4774e+00
7229 0 +1.882821160e-04 +1.366018828e+01 +1.366018828e+01 +4.1808e-01 +2.2243e+00 +2.6586e+00 +3.4898e-01 -1.4625e+00
7277 0 +5.733327523e-05 +1.366005733e+01 +1.366005733e+01 +4.2685e-01 +2.2263e+00 +2.6621e+00 +3.4829e-01 -1.4636e+00
7403 0 +3.779834431e-05 +1.366003780e+01 +1.366003780e+01 +4.2705e-01 +2.2238e+00 +2.6648e+00 +3.4566e-01 -1.4701e+00
7580 0 +3.332447039e-05 +1.366003332e+01 +1.366003332e+01 +4.3060e-01 +2.2227e+00 +2.6598e+00 +3.5359e-01 -1.4669e+00
7685 0 +2.333774215e-05 +1.366002334e+01 +1.366002334e+01 +4.2353e-01 +2.2240e+00 +2.6616e+00 +3.4696e-01 -1.4671e+00
7866 0 +1.674507014e-05 +1.366001675e+01 +1.366001675e+01 +4.2813e-01 +2.2239e+00 +2.6573e+00 +3.4744e-01 -1.4689e+00
8111 0 +8.971017166e-06 +1.366000897e+01 +1.366000897e+01 +4.2841e-01 +2.2239e+00 +2.6602e+00 +3.4730e-01 -1.4692e+00
8152 0 +1.444085809e-06 +1.366000144e+01 +1.366000144e+01 +4.2649e-01 +2.2244e+00 +2.6604e+00 +3.4832e-01 -1.4666e+00
8546 0 +7.959599611e-07 +1.366000080e+01 +1.366000080e+01 +4.2701e-01 +2.2240e+00 +2.6596e+00 +3.4844e-01 -1.4674e+00
8604 0 +4.010101975e-07 +1.366000040e+01 +1.366000040e+01 +4.2740e-01 +2.2239e+00 +2.6595e+00 +3.4904e-01 -1.4673e+00
8921 0 +3.755088045e-07 +1.366000038e+01 +1.366000038e+01 +4.2736e-01 +2.2240e+00 +2.6604e+00 +3.4921e-01 -1.4670e+00
8926 0 +3.290847701e-07 +1.366000033e+01 +1.366000033e+01 +4.2735e-01 +2.2240e+00 +2.6598e+00 +3.4920e-01 -1.4670e+00
8945 0 +1.301744330e-07 +1.366000013e+01 +1.366000013e+01 +4.2731e-01 +2.2239e+00 +2.6598e+00 +3.4884e-01 -1.4674e+00
9194 0 +5.496328193e-08 +1.366000005e+01 +1.366000005e+01 +4.2716e-01 +2.2241e+00 +2.6600e+00 +3.4869e-01 -1.4671e+00
9251 0 +4.590920000e-08 +1.366000005e+01 +1.366000005e+01 +4.2725e-01 +2.2241e+00 +2.6599e+00 +3.4864e-01 -1.4673e+00
9298 0 +4.223596228e-08 +1.366000004e+01 +1.366000004e+01 +4.2730e-01 +2.2240e+00 +2.6600e+00 +3.4882e-01 -1.4673e+00
9445 0 +2.315892544e-08 +1.366000002e+01 +1.366000002e+01 +4.2730e-01 +2.2240e+00 +2.6600e+00 +3.4888e-01 -1.4671e+00
9508 0 +1.712798436e-08 +1.366000002e+01 +1.366000002e+01 +4.2727e-01 +2.2241e+00 +2.6599e+00 +3.4874e-01 -1.4672e+00
9560 0 +1.204270106e-08 +1.366000001e+01 +1.366000001e+01 +4.2719e-01 +2.2240e+00 +2.6600e+00 +3.4881e-01 -1.4671e+00
9702 0 +9.620210406e-09 +1.366000001e+01 +1.366000001e+01 +4.2728e-01 +2.2240e+00 +2.6600e+00 +3.4878e-01 -1.4672e+00
11659 0 +8.650857808e-13 +1.366000000e+01 +1.366000000e+01 +4.2720e-01 +2.2240e+00 +2.6600e+00 +3.4880e-01 -1.4672e+00
12905 0 +0.000000000e+00 +1.366000000e+01 +1.366000000e+01 +4.2720e-01 +2.2240e+00 +2.6600e+00 +3.4880e-01 -1.4672e+00
20000 0 +0.000000000e+00 +1.366000000e+01 +1.366000000e+01 +4.2720e-01 +2.2240e+00 +2.6600e+00 +3.4880e-01 -1.4672e+00
% f evaluations | g evaluations | best noise-free fitness - Fopt (9.378400000000e+02) + sum g_i+ | measured fitness | best measured fitness or single-digit g-values | x1 | x2...
1 0 +3.095173398e+05 +3.104551798e+05 +3.104551798e+05 +2.7396e+00 -6.1122e-01 +3.5860e+00 +1.9737e+00 -4.0582e+00
5 0 +1.749244388e+04 +1.843028388e+04 +1.843028388e+04 +2.5809e+00 -1.4547e+00 +4.7070e+00 +3.9312e+00 +2.7838e+00
123 0 +1.196788768e+03 +2.134628768e+03 +2.134628768e+03 -7.4294e-01 -4.7298e+00 -3.7715e+00 -3.4434e+00 -3.7356e+00
221 0 +8.216848508e+02 +1.759524851e+03 +1.759524851e+03 -3.1846e+00 +4.2512e+00 -3.3474e+00 -3.7050e+00 -1.5423e+00
377 0 +7.356540026e+01 +1.011405400e+03 +1.011405400e+03 +1.1617e+00 -3.2871e+00 -3.1892e-01 +7.2431e-01 -3.4015e-01
1345 0 +2.977480129e+01 +9.676148013e+02 +9.676148013e+02 -1.7648e+00 +9.8829e-01 +3.8262e-01 -3.9856e+00 -2.4533e+00
1917 0 +1.869724006e+01 +9.565372401e+02 +9.565372401e+02 -1.0522e+00 +1.8754e+00 +4.0808e+00 -1.1180e+00 +2.3231e+00
2295 0 +1.799353594e+01 +9.558335359e+02 +9.558335359e+02 -9.0404e-01 +2.4193e+00 +2.7709e+00 -4.6104e-01 +2.0896e+00
2503 0 +1.416756841e+01 +9.520075684e+02 +9.520075684e+02 +5.8055e-01 +1.3380e+00 +2.6795e+00 +3.0730e-01 -2.5253e-01
2686 0 +7.689480238e+00 +9.455294802e+02 +9.455294802e+02 +4.5461e-01 +1.6765e+00 +4.9359e+00 -5.5278e-01 -4.2151e-01
3287 0 +7.325603059e+00 +9.451656031e+02 +9.451656031e+02 -8.1162e-01 +1.8096e+00 +3.6943e+00 -2.9946e+00 -2.0075e+00
3370 0 +7.190464375e+00 +9.450304644e+02 +9.450304644e+02 -5.6522e-01 +1.6570e+00 +2.8784e+00 -1.6027e+00 -5.1830e-01
3437 0 +6.846730825e+00 +9.446867308e+02 +9.446867308e+02 -2.5495e-01 +1.8961e+00 +2.4166e+00 -1.0434e+00 -7.7000e-01
3895 0 +4.888496939e+00 +9.427284969e+02 +9.427284969e+02 +4.1318e-01 +3.7751e+00 +2.6931e+00 -1.2949e-01 -1.8903e+00
4114 0 +4.336476387e+00 +9.421764764e+02 +9.421764764e+02 +6.7452e-02 +2.7863e+00 +2.3768e+00 -5.9687e-01 -1.3879e+00
4117 0 +3.857697660e+00 +9.416976977e+02 +9.416976977e+02 -2.2047e-01 +2.2468e+00 +3.3760e+00 -2.0224e+00 -2.3417e+00
4130 0 +3.272763727e+00 +9.411127637e+02 +9.411127637e+02 -3.4114e-01 +1.9912e+00 +4.3697e+00 -2.2907e+00 -1.7991e+00
4554 0 +4.856144837e-01 +9.383256145e+02 +9.383256145e+02 -4.2212e-01 +3.2802e+00 +3.7984e+00 -1.7769e+00 -1.6266e+00
4626 0 +2.565629647e-01 +9.380965630e+02 +9.380965630e+02 -4.3420e-01 +3.2944e+00 +4.0059e+00 -1.7493e+00 -1.4334e+00
5600 0 +1.730344272e-01 +9.380130344e+02 +9.380130344e+02 -3.3310e-01 +3.7440e+00 +4.3186e+00 -1.4725e+00 -1.2860e+00
5605 0 +1.602047647e-01 +9.380002048e+02 +9.380002048e+02 -3.3170e-01 +3.4259e+00 +3.7655e+00 -1.5373e+00 -1.5434e+00
5609 0 +1.176585439e-01 +9.379576585e+02 +9.379576585e+02 -3.0182e-01 +3.7172e+00 +3.8192e+00 -1.3212e+00 -1.3579e+00
5972 0 +4.251734727e-02 +9.378825173e+02 +9.378825173e+02 -3.5938e-01 +3.5986e+00 +4.0996e+00 -1.5311e+00 -1.3607e+00
6185 0 +3.724074762e-02 +9.378772407e+02 +9.378772407e+02 -3.0569e-01 +3.4570e+00 +3.8583e+00 -1.3757e+00 -1.2867e+00
6348 0 +2.065913983e-02 +9.378606591e+02 +9.378606591e+02 -3.0391e-01 +3.6574e+00 +4.0470e+00 -1.4112e+00 -1.3607e+00
6518 0 +9.101389295e-03 +9.378491014e+02 +9.378491014e+02 -3.0670e-01 +3.5840e+00 +4.0601e+00 -1.4029e+00 -1.2908e+00
6647 0 +5.663426354e-03 +9.378456634e+02 +9.378456634e+02 -3.0526e-01 +3.5839e+00 +3.9861e+00 -1.4176e+00 -1.3629e+00
6958 0 +3.798898057e-03 +9.378437989e+02 +9.378437989e+02 -3.2924e-01 +3.5685e+00 +3.9692e+00 -1.4202e+00 -1.2992e+00
7171 0 +3.651250322e-03 +9.378436513e+02 +9.378436513e+02 -2.7961e-01 +3.6190e+00 +4.0110e+00 -1.3543e+00 -1.3256e+00
7214 0 +9.786979233e-04 +9.378409787e+02 +9.378409787e+02 -3.0107e-01 +3.5968e+00 +3.9897e+00 -1.3765e+00 -1.3044e+00
7508 0 +8.309331947e-04 +9.378408309e+02 +9.378408309e+02 -3.0748e-01 +3.5858e+00 +3.9907e+00 -1.3894e+00 -1.3028e+00
7564 0 +1.011053255e-04 +9.378401011e+02 +9.378401011e+02 -2.9679e-01 +3.5801e+00 +3.9873e+00 -1.3724e+00 -1.3014e+00
7915 0 +9.428712508e-05 +9.378400943e+02 +9.378400943e+02 -2.9410e-01 +3.5773e+00 +3.9881e+00 -1.3714e+00 -1.3052e+00
8236 0 +4.665188612e-05 +9.378400467e+02 +9.378400467e+02 -2.9561e-01 +3.5832e+00 +3.9772e+00 -1.3712e+00 -1.3098e+00
8262 0 +4.058257184e-05 +9.378400406e+02 +9.378400406e+02 -2.9771e-01 +3.5823e+00 +3.9811e+00 -1.3756e+00 -1.3092e+00
8373 0 +3.957809702e-05 +9.378400396e+02 +9.378400396e+02 -2.9533e-01 +3.5812e+00 +3.9830e+00 -1.3702e+00 -1.3045e+00
8457 0 +2.298401068e-05 +9.378400230e+02 +9.378400230e+02 -2.9767e-01 +3.5784e+00 +3.9750e+00 -1.3738e+00 -1.3071e+00
8595 0 +1.899908523e-05 +9.378400190e+02 +9.378400190e+02 -2.9759e-01 +3.5811e+00 +3.9805e+00 -1.3739e+00 -1.3060e+00
8627 0 +2.445074529e-06 +9.378400024e+02 +9.378400024e+02 -2.9716e-01 +3.5778e+00 +3.9792e+00 -1.3730e+00 -1.3046e+00
9084 0 +2.305326348e-06 +9.378400023e+02 +9.378400023e+02 -2.9757e-01 +3.5783e+00 +3.9795e+00 -1.3738e+00 -1.3049e+00
9132 0 +1.351185801e-06 +9.378400014e+02 +9.378400014e+02 -2.9714e-01 +3.5781e+00 +3.9792e+00 -1.3728e+00 -1.3045e+00
9224 0 +1.055972916e-06 +9.378400011e+02 +9.378400011e+02 -2.9723e-01 +3.5780e+00 +3.9792e+00 -1.3733e+00 -1.3051e+00
9317 0 +3.777961410e-07 +9.378400004e+02 +9.378400004e+02 -2.9663e-01 +3.5783e+00 +3.9789e+00 -1.3724e+00 -1.3054e+00
9563 0 +2.936699275e-07 +9.378400003e+02 +9.378400003e+02 -2.9648e-01 +3.5782e+00 +3.9793e+00 -1.3725e+00 -1.3058e+00
9568 0 +7.659048151e-08 +9.378400001e+02 +9.378400001e+02 -2.9672e-01 +3.5783e+00 +3.9791e+00 -1.3727e+00 -1.3056e+00
9920 0 +2.271156063e-08 +9.378400000e+02 +9.378400000e+02 -2.9685e-01 +3.5784e+00 +3.9791e+00 -1.3729e+00 -1.3057e+00
10015 0 +1.873092970e-08 +9.378400000e+02 +9.378400000e+02 -2.9681e-01 +3.5783e+00 +3.9791e+00 -1.3729e+00 -1.3056e+00
10113 0 +1.019861884e-08 +9.378400000e+02 +9.378400000e+02 -2.9679e-01 +3.5784e+00 +3.9793e+00 -1.3728e+00 -1.3056e+00
10195 0 +7.962398740e-09 +9.378400000e+02 +9.378400000e+02 -2.9679e-01 +3.5784e+00 +3.9792e+00 -1.3728e+00 -1.3057e+00
11729 0 +9.094947018e-13 +9.378400000e+02 +9.378400000e+02 -2.9680e-01 +3.5784e+00 +3.9792e+00 -1.3728e+00 -1.3056e+00
12291 0 +0.000000000e+00 +9.378400000e+02 +9.378400000e+02 -2.9680e-01 +3.5784e+00 +3.9792e+00 -1.3728e+00 -1.3056e+00
20000 0 +0.000000000e+00 +9.378400000e+02 +9.378400000e+02 -2.9680e-01 +3.5784e+00 +3.9792e+00 -1.3728e+00 -1.3056e+00
% f evaluations | g evaluations | best noise-free fitness - Fopt (-7.872000000000e+01) + sum g_i+ | measured fitness | best measured fitness or single-digit g-values | x1 | x2...
1 0 +5.049635707e+05 +5.048848507e+05 +5.048848507e+05 +2.7396e+00 -6.1122e-01 +3.5860e+00 +1.9737e+00 -4.0582e+00
7 0 +1.218817808e+05 +1.218030608e+05 +1.218030608e+05 +2.4476e+00 +4.6751e+00 -1.7417e+00 -1.2954e+00 -3.0444e-01
11 0 +3.201590523e+04 +3.193718523e+04 +3.193718523e+04 -3.0009e+00 -4.9264e+00 +2.8692e+00 +1.6485e+00 +2.0517e+00
76 0 +4.688742713e+02 +3.901542713e+02 +3.901542713e+02 -3.5222e+00 +4.3613e+00 -6.2096e-01 -1.1668e+00 +2.2969e+00
425 0 +9.772127547e+01 +1.900127547e+01 +1.900127547e+01 +1.0059e+00 +3.8667e+00 +2.7315e+00 +7.5153e-02 +1.6981e+00
719 0 +5.560629010e+01 -2.311370990e+01 -2.311370990e+01 +1.7408e+00 +2.0699e+00 -3.1009e+00 -2.3194e+00 +4.2279e+00
% f evaluations | g evaluations | best noise-free fitness - Fopt (7.627000000000e+01) + sum g_i+ | measured fitness | best measured fitness or single-digit g-values | x1 | x2...
1 0 +2.039485884e+06 +2.039562154e+06 +2.039562154e+06 +2.7396e+00 -6.1122e-01 +3.5860e+00 +1.9737e+00 -4.0582e+00
12 0 +1.350689667e+04 +1.358316667e+04 +1.358316667e+04 +2.8073e+00 -4.1084e-01 +6.8741e-01 -3.6020e+00 -3.8547e+00
30 0 +1.286664498e+04 +1.294291498e+04 +1.294291498e+04 -2.3302e+00 -1.6843e+00 +2.0672e-01 -6.1089e-01 -4.7839e+00
40 0 +3.827307031e+03 +3.903577031e+03 +3.903577031e+03 -3.2073e+00 +9.9383e-01 +3.7456e+00 -3.0357e+00 -1.8968e+00
75 0 +2.192054378e+03 +2.268324378e+03 +2.268324378e+03 +2.6253e+00 -2.2947e+00 -1.3581e+00 -1.8556e+00 -3.4239e+00
151 0 +4.150454888e+01 +1.177745489e+02 +1.177745489e+02 +1.2920e+00 -1.7823e+00 -7.3778e-01 -2.6576e+00 +7.4820e-01
1202 0 +1.921799661e+01 +9.548799661e+01 +9.548799661e+01 +7.2627e-01 -4.2770e+00 -1.6936e+00 +1.7433e+00 -4.4903e-01
1411 0 +1.323925203e+01 +8.950925203e+01 +8.950925203e+01 -5.2176e-02 -3.8614e+00 -2.7161e+00 +5.4814e-01 -1.1530e+00
1522 0 +1.254223276e+01 +8.881223276e+01 +8.881223276e+01 -1.0415e+00 -3.3156e+00 -8.7142e-01 +1.3176e+00 -2.7445e+00
2364 0 +7.523085114e+00 +8.379308511e+01 +8.379308511e+01 -9.5385e-01 -4.1679e+00 -2.4385e+00 +1.8597e+00 -3.0456e+00
2409 0 +6.783451921e+00 +8.305345192e+01 +8.305345192e+01 +5.3093e-01 -3.4917e+00 -1.3437e+00 +6.5743e-01 -1.0954e+00
2655 0 +6.330220966e+00 +8.260022097e+01 +8.260022097e+01 -1.0862e-01 -3.6818e+00 -1.8402e+00 +9.4393e-01 -1.7699e+00
2811 0 +4.508061604e+00 +8.077806160e+01 +8.077806160e+01 -1.8841e+00 -3.4644e+00 -2.6022e+00 +3.3804e-01 -1.2804e+00
2813 0 +3.797461445e+00 +8.006746144e+01 +8.006746144e+01 -7.8307e-01 -3.9201e+00 -2.2935e+00 +1.2576e+00 -1.8856e+00
3516 0 +1.331519888e+00 +7.760151989e+01 +7.760151989e+01 -1.4594e+00 -3.3138e+00 -2.0606e+00 +3.0743e-01 -1.1160e+00
3549 0 +1.239330560e+00 +7.750933056e+01 +7.750933056e+01 -2.8411e-01 -3.5360e+00 -1.2480e+00 +1.1219e+00 -1.7444e+00
3818 0 +1.609457160e-01 +7.643094572e+01 +7.643094572e+01 -1.1977e+00 -3.0732e+00 -1.4135e+00 +3.6033e-01 -1.8008e+00
4390 0 +1.156522851e-01 +7.638565229e+01 +7.638565229e+01 -9.6208e-01 -3.1497e+00 -1.4018e+00 +4.1846e-01 -1.5724e+00
4420 0 +5.805589628e-02 +7.632805590e+01 +7.632805590e+01 -1.0498e+00 -3.0377e+00 -1.1971e+00 +4.0762e-01 -1.7837e+00
4911 0 +4.443651291e-02 +7.631443651e+01 +7.631443651e+01 -8.6057e-01 -3.0619e+00 -1.1442e+00 +4.3421e-01 -1.7209e+00
5028 0 +3.474141710e-02 +7.630474142e+01 +7.630474142e+01 -9.2940e-01 -3.2167e+00 -1.3190e+00 +6.4272e-01 -1.8536e+00
5301 0 +2.171646184e-02 +7.629171646e+01 +7.629171646e+01 -9.5298e-01 -3.1573e+00 -1.2503e+00 +5.4245e-01 -1.5975e+00
5359 0 +8.846246335e-03 +7.627884625e+01 +7.627884625e+01 -9.1978e-01 -3.1149e+00 -1.1931e+00 +5.2560e-01 -1.7878e+00
5607 0 +5.952857968e-03 +7.627595286e+01 +7.627595286e+01 -9.4898e-01 -3.1685e+00 -1.2541e+00 +5.8408e-01 -1.7443e+00
5831 0 +5.096019217e-03 +7.627509602e+01 +7.627509602e+01 -9.2031e-01 -3.1708e+00 -1.2152e+00 +6.0800e-01 -1.7362e+00
5834 0 +3.438672143e-03 +7.627343867e+01 +7.627343867e+01 -9.6150e-01 -3.1328e+00 -1.2299e+00 +5.3512e-01 -1.7353e+00
6009 0 +3.108504459e-03 +7.627310850e+01 +7.627310850e+01 -9.3713e-01 -3.1249e+00 -1.2397e+00 +5.1149e-01 -1.7613e+00
6013 0 +2.694779649e-03 +7.627269478e+01 +7.627269478e+01 -9.1885e-01 -3.1437e+00 -1.2404e+00 +5.3875e-01 -1.7395e+00
6073 0 +2.486394314e-03 +7.627248639e+01 +7.627248639e+01 -9.2203e-01 -3.1497e+00 -1.2630e+00 +5.3807e-01 -1.7599e+00
6141 0 +1.929397293e-03 +7.627192940e+01 +7.627192940e+01 -9.6803e-01 -3.1417e+00 -1.2270e+00 +5.5449e-01 -1.7271e+00
6148 0 +6.597397808e-04 +7.627065974e+01 +7.627065974e+01 -9.5583e-01 -3.1541e+00 -1.2512e+00 +5.6234e-01 -1.7546e+00
6311 0 +5.150957229e-04 +7.627051510e+01 +7.627051510e+01 -9.4562e-01 -3.1465e+00 -1.2371e+00 +5.5768e-01 -1.7681e+00
6477 0 +4.059989781e-04 +7.627040600e+01 +7.627040600e+01 -9.3732e-01 -3.1419e+00 -1.2273e+00 +5.5124e-01 -1.7528e+00
6490 0 +2.451699731e-04 +7.627024517e+01 +7.627024517e+01 -9.5148e-01 -3.1485e+00 -1.2365e+00 +5.6019e-01 -1.7487e+00
6654 0 +1.742205960e-04 +7.627017422e+01 +7.627017422e+01 -9.4509e-01 -3.1525e+00 -1.2371e+00 +5.6537e-01 -1.7469e+00
6936 0 +1.016432178e-04 +7.627010164e+01 +7.627010164e+01 -9.4357e-01 -3.1541e+00 -1.2480e+00 +5.6008e-01 -1.7462e+00
6943 0 +9.843712670e-05 +7.627009844e+01 +7.627009844e+01 -9.4697e-01 -3.1484e+00 -1.2390e+00 +5.5594e-01 -1.7429e+00
7098 0 +5.119152786e-05 +7.627005119e+01 +7.627005119e+01 -9.3457e-01 -3.1527e+00 -1.2404e+00 +5.6067e-01 -1.7460e+00
7387 0 +4.104731816e-05 +7.627004105e+01 +7.627004105e+01 -9.3599e-01 -3.1487e+00 -1.2413e+00 +5.5309e-01 -1.7477e+00
7394 0 +2.163796350e-05 +7.627002164e+01 +7.627002164e+01 -9.3855e-01 -3.1485e+00 -1.2414e+00 +5.5356e-01 -1.7498e+00
7418 0 +1.695199003e-05 +7.627001695e+01 +7.627001695e+01 -9.3870e-01 -3.1502e+00 -1.2434e+00 +5.5450e-01 -1.7443e+00
7544 0 +1.602111169e-05 +7.627001602e+01 +7.627001602e+01 -9.3957e-01 -3.1516e+00 -1.2450e+00 +5.5683e-01 -1.7482e+00
7654 0 +9.554017453e-07 +7.627000096e+01 +7.627000096e+01 -9.3836e-01 -3.1502e+00 -1.2427e+00 +5.5549e-01 -1.7479e+00
7713 0 +5.579560423e-07 +7.627000056e+01 +7.627000056e+01 -9.3805e-01 -3.1505e+00 -1.2426e+00 +5.5586e-01 -1.7466e+00
7949 0 +5.228157676e-07 +7.627000052e+01 +7.627000052e+01 -9.3827e-01 -3.1502e+00 -1.2422e+00 +5.5587e-01 -1.7476e+00
8445 0 +3.890320528e-07 +7.627000039e+01 +7.627000039e+01 -9.3831e-01 -3.1502e+00 -1.2420e+00 +5.5587e-01 -1.7474e+00
8538 0 +3.303109679e-07 +7.627000033e+01 +7.627000033e+01 -9.3831e-01 -3.1504e+00 -1.2425e+00 +5.5588e-01 -1.7476e+00
8626 0 +1.826466303e-07 +7.627000018e+01 +7.627000018e+01 -9.3822e-01 -3.1505e+00 -1.2425e+00 +5.5607e-01 -1.7476e+00
8671 0 +5.889936006e-08 +7.627000006e+01 +7.627000006e+01 -9.3848e-01 -3.1505e+00 -1.2426e+00 +5.5598e-01 -1.7472e+00
8736 0 +5.531218505e-08 +7.627000006e+01 +7.627000006e+01 -9.3832e-01 -3.1503e+00 -1.2424e+00 +5.5582e-01 -1.7472e+00
8863 0 +2.945516542e-08 +7.627000003e+01 +7.627000003e+01 -9.3836e-01 -3.1504e+00 -1.2423e+00 +5.5612e-01 -1.7472e+00
9027 0 +2.656646814e-08 +7.627000003e+01 +7.627000003e+01 -9.3829e-01 -3.1504e+00 -1.2424e+00 +5.5590e-01 -1.7472e+00
9080 0 +6.595229252e-09 +7.627000001e+01 +7.627000001e+01 -9.3834e-01 -3.1504e+00 -1.2424e+00 +5.5604e-01 -1.7472e+00
11221 0 +5.542233339e-13 +7.627000000e+01 +7.627000000e+01 -9.3840e-01 -3.1504e+00 -1.2424e+00 +5.5600e-01 -1.7472e+00
12049 0 +0.000000000e+00 +7.627000000e+01 +7.627000000e+01 -9.3840e-01 -3.1504e+00 -1.2424e+00 +5.5600e-01 -1.7472e+00
20000 0 +0.000000000e+00 +7.627000000e+01 +7.627000000e+01 -9.3840e-01 -3.1504e+00 -1.2424e+00 +5.5600e-01 -1.7472e+00
% f evaluations | g evaluations | best noise-free fitness - Fopt (-2.255000000000e+01) + sum g_i+ | measured fitness | best measured fitness or single-digit g-values | x1 | x2...
1 0 +2.111009298e+07 +2.111007043e+07 +2.111007043e+07 +2.7396e+00 -6.1122e-01 +3.5860e+00 +1.9737e+00 -4.0582e+00
2 0 +8.031821223e+06 +8.031798673e+06 +8.031798673e+06 +4.7562e+00 +2.6114e+00 +2.8606e+00 -3.7189e+00 -4.9614e-01
3 0 +3.060982099e+05 +3.060756599e+05 +3.060756599e+05 -1.2920e+00 +4.2676e+00 +1.4387e+00 +3.2276e+00 -5.6586e-01
7 0 +1.047321205e+05 +1.047095705e+05 +1.047095705e+05 +2.4476e+00 +4.6751e+00 -1.7417e+00 -1.2954e+00 -3.0444e-01
13 0 +7.729134258e+04 +7.726879258e+04 +7.726879258e+04 +1.6840e+00 -2.8904e-01 +6.5236e-01 +2.6500e+00 +1.3472e+00
15 0 +1.667221711e+04 +1.664966711e+04 +1.664966711e+04 -2.8542e+00 -9.1471e-01 +3.5340e+00 -2.6606e+00 -4.4170e+00
25 0 +9.685118586e+03 +9.662568586e+03 +9.662568586e+03 +8.4098e-01 +1.4985e+00 -4.1556e+00 -8.4193e-01 -4.5839e+00
45 0 +3.735244867e+03 +3.712694867e+03 +3.712694867e+03 -1.9905e+00 -1.1416e-01 +1.6286e+00 +4.5562e+00 -2.1355e+00
193 0 +1.888971573e+03 +1.866421573e+03 +1.866421573e+03 +4.1635e+00 -1.7352e+00 -1.0212e+00 +8.6672e-01 +1.9877e+00
280 0 +1.554751503e+03 +1.532201503e+03 +1.532201503e+03 +3.3346e+00 -4.4804e+00 +4.0289e+00 -3.7248e+00 +3.0083e+00
308 0 +4.454547239e+02 +4.229047239e+02 +4.229047239e+02 +1.7919e+00 -9.2930e-02 -2.6681e-01 +7.1728e-01 -2.6511e-01
485 0 +2.773836862e+02 +2.548336862e+02 +2.548336862e+02 +1.7962e+00 -2.0963e+00 +3.5621e+00 -2.1251e-01 +2.1816e+00
516 0 +6.572827062e+01 +4.317827062e+01 +4.317827062e+01 -1.0072e+00 +1.2046e+00 +3.8305e+00 -3.2492e+00 -1.7157e+00
711 0 +6.173112200e+01 +3.918112200e+01 +3.918112200e+01 +3.0469e+00 -6.4559e-01 -1.2231e+00 -1.1061e+00 -1.3114e-01
1224 0 +5.392327261e+01 +3.137327261e+01 +3.137327261e+01 +3.0332e+00 +3.1244e+00 -7.0178e-02 -3.6965e+00 +2.1954e-01
1339 0 +2.854793338e+01 +5.997933385e+00 +5.997933385e+00 +1.2258e+00 -1.7694e-01 +3.2264e-01 -1.6916e+00 -1.2994e+00
1665 0 +1.933868690e+01 -3.211313095e+00 -3.211313095e+00 +3.0769e-01 +1.8271e+00 +1.9571e+00 -1.8318e+00 -1.0541e+00
% f evaluations | g evaluations | best noise-free fitness - Fopt (1.366000000000e+01) + sum g_i+ | measured fitness | best measured fitness or single-digit g-values | x1 | x2...
1 0 +6.474641787e+05 +6.474778387e+05 +6.474778387e+05 +2.7396e+00 -6.1122e-01 +3.5860e+00 +1.9737e+00 -4.0582e+00
4 0 +5.670013318e+05 +5.670149918e+05 +5.670149918e+05 -2.7276e+00 +5.4585e-01 -4.3618e+00 +3.2763e+00 +1.3166e+00
7 0 +1.309663599e+05 +1.309800199e+05 +1.309800199e+05 +2.4476e+00 +4.6751e+00 -1.7417e+00 -1.2954e+00 -3.0444e-01
19 0 +4.261863296e+04 +4.263229296e+04 +4.263229296e+04 -3.4769e+00 +1.9632e+00 -5.3844e-01 -1.1898e+00 -1.9849e+00
76 0 +3.102175470e+04 +3.103541470e+04 +3.103541470e+04 -3.5222e+00 +4.3613e+00 -6.2096e-01 -1.1668e+00 +2.2969e+00
117 0 +7.342915668e+02 +7.479515668e+02 +7.479515668e+02 +4.8886e+00 +4.2781e+00 +1.3235e+00 +1.3247e+00 +9.0915e-01
285 0 +6.515582185e+02 +6.652182185e+02 +6.652182185e+02 +1.6431e+00 -1.5761e+00 +3.1402e+00 +4.5371e+00 -4.9647e+00
545 0 +5.892052811e+02 +6.028652811e+02 +6.028652811e+02 -6.2107e-01 +8.3290e-01 +3.2277e+00 +2.1692e+00 -1.9175e+00
550 0 +2.641898120e+02 +2.778498120e+02 +2.778498120e+02 -3.4769e+00 +2.3737e+00 +2.7908e+00 -1.1898e+00 -8.4131e-01
639 0 +6.513746901e+01 +7.879746901e+01 +7.879746901e+01 +3.8788e+00 +3.8554e+00 -1.6779e+00 -8.9736e-01 -1.2466e+00
676 0 +2.414018452e+01 +3.780018452e+01 +3.780018452e+01 +2.1394e+00 +1.5818e+00 -1.1613e-01 +3.9392e+00 -2.7710e-01
783 0 +1.314612913e+01 +2.680612913e+01 +2.680612913e+01 -8.4617e-01 +2.4670e+00 +8.0153e-01 -3.9455e-01 -1.1355e+00
2329 0 +1.182499109e+01 +2.548499109e+01 +2.548499109e+01 +1.9795e-01 +3.4154e+00 +1.4374e+00 -2.5648e+00 -1.7920e+00
2586 0 +1.169134269e+01 +2.535134269e+01 +2.535134269e+01 +1.6544e-01 +1.3038e+00 +3.8293e+00 +1.7174e+00 -1.7681e+00
2857 0 +9.895125472e+00 +2.355512547e+01 +2.355512547e+01 +3.2260e-01 +1.5910e+00 +3.9518e-01 +1.1951e+00 -1.8108e+00
3016 0 +6.046056749e+00 +1.970605675e+01 +1.970605675e+01 +1.0611e-01 +1.9048e+00 +6.7214e-01 -1.6730e-01 -2.3284e+00
3211 0 +2.734146121e+00 +1.639414612e+01 +1.639414612e+01 -2.3107e-01 +2.4261e+00 +2.6880e+00 +9.2891e-01 -3.2984e-01
3832 0 +2.675739510e+00 +1.633573951e+01 +1.633573951e+01 +9.5043e-01 +2.6965e+00 +3.6721e+00 -6.2133e-01 -1.7019e+00
4410 0 +1.892325172e+00 +1.555232517e+01 +1.555232517e+01 +8.3516e-01 +2.5361e+00 +2.5869e+00 +1.0976e+00 -4.6412e-01
4481 0 +1.051847419e+00 +1.471184742e+01 +1.471184742e+01 -3.9561e-02 +2.2904e+00 +2.8757e+00 +5.3535e-01 -9.8507e-01
4606 0 +7.923292580e-01 +1.445232926e+01 +1.445232926e+01 +6.6933e-01 +1.8686e+00 +2.0684e+00 +8.0756e-01 -1.8006e+00
4719 0 +2.797007827e-01 +1.393970078e+01 +1.393970078e+01 +3.9056e-01 +2.0576e+00 +2.9209e+00 +4.4732e-01 -1.6539e+00
5000 0 +1.684962314e-01 +1.382849623e+01 +1.382849623e+01 +3.9810e-01 +2.1824e+00 +2.7011e+00 +2.9113e-01 -1.5766e+00
5258 0 +8.844741195e-02 +1.374844741e+01 +1.374844741e+01 +5.0232e-01 +2.2646e+00 +2.5630e+00 +3.2640e-01 -1.4486e+00
5331 0 +5.735552779e-02 +1.371735553e+01 +1.371735553e+01 +5.1025e-01 +2.2049e+00 +2.7164e+00 +3.6878e-01 -1.5199e+00
5531 0 +4.038650577e-02 +1.370038651e+01 +1.370038651e+01 +5.0453e-01 +2.2670e+00 +2.6870e+00 +4.5708e-01 -1.3341e+00
5537 0 +1.767789058e-02 +1.367767789e+01 +1.367767789e+01 +3.2655e-01 +2.2271e+00 +2.6861e+00 +3.7658e-01 -1.3937e+00
5871 0 +1.666095074e-02 +1.367666095e+01 +1.367666095e+01 +3.7800e-01 +2.2010e+00 +2.6882e+00 +3.7522e-01 -1.4626e+00
6021 0 +1.427577598e-02 +1.367427578e+01 +1.367427578e+01 +4.0222e-01 +2.1728e+00 +2.5755e+00 +3.6046e-01 -1.5356e+00
6052 0 +1.344329921e-02 +1.367344330e+01 +1.367344330e+01 +4.5807e-01 +2.1687e+00 +2.6261e+00 +3.6826e-01 -1.5603e+00
6065 0 +1.125582479e-02 +1.367125582e+01 +1.367125582e+01 +4.8429e-01 +2.2760e+00 +2.7173e+00 +3.2144e-01 -1.4251e+00
6069 0 +5.122727877e-03 +1.366512273e+01 +1.366512273e+01 +4.4200e-01 +2.2552e+00 +2.6267e+00 +3.0544e-01 -1.4567e+00
6217 0 +4.433432654e-03 +1.366443343e+01 +1.366443343e+01 +4.2779e-01 +2.2192e+00 +2.6138e+00 +3.2387e-01 -1.4972e+00
6329 0 +2.368426002e-03 +1.366236843e+01 +1.366236843e+01 +4.4270e-01 +2.2259e+00 +2.6485e+00 +3.6106e-01 -1.4601e+00
6505 0 +1.844978902e-03 +1.366184498e+01 +1.366184498e+01 +4.1303e-01 +2.2003e+00 +2.6666e+00 +3.8144e-01 -1.4742e+00
6582 0 +1.749615036e-03 +1.366174962e+01 +1.366174962e+01 +4.3172e-01 +2.2379e+00 +2.6489e+00 +3.4537e-01 -1.4480e+00
6708 0 +2.657488551e-04 +1.366026575e+01 +1.366026575e+01 +4.3003e-01 +2.2168e+00 +2.6589e+00 +3.5287e-01 -1.4774e+00
7229 0 +1.882821160e-04 +1.366018828e+01 +1.366018828e+01 +4.1808e-01 +2.2243e+00 +2.6586e+00 +3.4898e-01 -1.4625e+00
7277 0 +5.733327523e-05 +1.366005733e+01 +1.366005733e+01 +4.2685e-01 +2.2263e+00 +2.6621e+00 +3.4829e-01 -1.4636e+00
7403 0 +3.779834431e-05 +1.366003780e+01 +1.366003780e+01 +4.2705e-01 +2.2238e+00 +2.6648e+00 +3.4566e-01 -1.4701e+00
7580 0 +3.332447039e-05 +1.366003332e+01 +1.366003332e+01 +4.3060e-01 +2.2227e+00 +2.6598e+00 +3.5359e-01 -1.4669e+00
7685 0 +2.333774215e-05 +1.366002334e+01 +1.366002334e+01 +4.2353e-01 +2.2240e+00 +2.6616e+00 +3.4696e-01 -1.4671e+00
7866 0 +1.674507014e-05 +1.366001675e+01 +1.366001675e+01 +4.2813e-01 +2.2239e+00 +2.6573e+00 +3.4744e-01 -1.4689e+00
8111 0 +8.971017166e-06 +1.366000897e+01 +1.366000897e+01 +4.2841e-01 +2.2239e+00 +2.6602e+00 +3.4730e-01 -1.4692e+00
8152 0 +1.444085809e-06 +1.366000144e+01 +1.366000144e+01 +4.2649e-01 +2.2244e+00 +2.6604e+00 +3.4832e-01 -1.4666e+00
8546 0 +7.959599611e-07 +1.366000080e+01 +1.366000080e+01 +4.2701e-01 +2.2240e+00 +2.6596e+00 +3.4844e-01 -1.4674e+00
8604 0 +4.010101975e-07 +1.366000040e+01 +1.366000040e+01 +4.2740e-01 +2.2239e+00 +2.6595e+00 +3.4904e-01 -1.4673e+00
8921 0 +3.755088045e-07 +1.366000038e+01 +1.366000038e+01 +4.2736e-01 +2.2240e+00 +2.6604e+00 +3.4921e-01 -1.4670e+00
8926 0 +3.290847701e-07 +1.366000033e+01 +1.366000033e+01 +4.2735e-01 +2.2240e+00 +2.6598e+00 +3.4920e-01 -1.4670e+00
8945 0 +1.301744330e-07 +1.366000013e+01 +1.366000013e+01 +4.2731e-01 +2.2239e+00 +2.6598e+00 +3.4884e-01 -1.4674e+00
9194 0 +5.496328193e-08 +1.366000005e+01 +1.366000005e+01 +4.2716e-01 +2.2241e+00 +2.6600e+00 +3.4869e-01 -1.4671e+00
9251 0 +4.590920000e-08 +1.366000005e+01 +1.366000005e+01 +4.2725e-01 +2.2241e+00 +2.6599e+00 +3.4864e-01 -1.4673e+00
9298 0 +4.223596228e-08 +1.366000004e+01 +1.366000004e+01 +4.2730e-01 +2.2240e+00 +2.6600e+00 +3.4882e-01 -1.4673e+00
9445 0 +2.315892544e-08 +1.366000002e+01 +1.366000002e+01 +4.2730e-01 +2.2240e+00 +2.6600e+00 +3.4888e-01 -1.4671e+00
9508 0 +1.712798436e-08 +1.366000002e+01 +1.366000002e+01 +4.2727e-01 +2.2241e+00 +2.6599e+00 +3.4874e-01 -1.4672e+00
9560 0 +1.204270106e-08 +1.366000001e+01 +1.366000001e+01 +4.2719e-01 +2.2240e+00 +2.6600e+00 +3.4881e-01 -1.4671e+00
9702 0 +9.620210406e-09 +1.366000001e+01 +1.366000001e+01 +4.2728e-01 +2.2240e+00 +2.6600e+00 +3.4878e-01 -1.4672e+00
11659 0 +8.650857808e-13 +1.366000000e+01 +1.366000000e+01 +4.2720e-01 +2.2240e+00 +2.6600e+00 +3.4880e-01 -1.4672e+00
12905 0 +0.000000000e+00 +1.366000000e+01 +1.366000000e+01 +4.2720e-01 +2.2240e+00 +2.6600e+00 +3.4880e-01 -1.4672e+00
20000 0 +0.000000000e+00 +1.366000000e+01 +1.366000000e+01 +4.2720e-01 +2.2240e+00 +2.6600e+00 +3.4880e-01 -1.4672e+00
% f evaluations | g evaluations | best noise-free fitness - Fopt (9.378400000000e+02) + sum g_i+ | measured fitness | best measured fitness or single-digit g-values | x1 | x2...
1 0 +3.095173398e+05 +3.104551798e+05 +3.104551798e+05 +2.7396e+00 -6.1122e-01 +3.5860e+00 +1.9737e+00 -4.0582e+00
5 0 +1.749244388e+04 +1.843028388e+04 +1.843028388e+04 +2.5809e+00 -1.4547e+00 +4.7070e+00 +3.9312e+00 +2.7838e+00
123 0 +1.196788768e+03 +2.134628768e+03 +2.134628768e+03 -7.4294e-01 -4.7298e+00 -3.7715e+00 -3.4434e+00 -3.7356e+00
221 0 +8.216848508e+02 +1.759524851e+03 +1.759524851e+03 -3.1846e+00 +4.2512e+00 -3.3474e+00 -3.7050e+00 -1.5423e+00
377 0 +7.356540026e+01 +1.011405400e+03 +1.011405400e+03 +1.1617e+00 -3.2871e+00 -3.1892e-01 +7.2431e-01 -3.4015e-01
1345 0 +2.977480129e+01 +9.676148013e+02 +9.676148013e+02 -1.7648e+00 +9.8829e-01 +3.8262e-01 -3.9856e+00 -2.4533e+00
1917 0 +1.869724006e+01 +9.565372401e+02 +9.565372401e+02 -1.0522e+00 +1.8754e+00 +4.0808e+00 -1.1180e+00 +2.3231e+00
2295 0 +1.799353594e+01 +9.558335359e+02 +9.558335359e+02 -9.0404e-01 +2.4193e+00 +2.7709e+00 -4.6104e-01 +2.0896e+00
2503 0 +1.416756841e+01 +9.520075684e+02 +9.520075684e+02 +5.8055e-01 +1.3380e+00 +2.6795e+00 +3.0730e-01 -2.5253e-01
2686 0 +7.689480238e+00 +9.455294802e+02 +9.455294802e+02 +4.5461e-01 +1.6765e+00 +4.9359e+00 -5.5278e-01 -4.2151e-01
3287 0 +7.325603059e+00 +9.451656031e+02 +9.451656031e+02 -8.1162e-01 +1.8096e+00 +3.6943e+00 -2.9946e+00 -2.0075e+00
3370 0 +7.190464375e+00 +9.450304644e+02 +9.450304644e+02 -5.6522e-01 +1.6570e+00 +2.8784e+00 -1.6027e+00 -5.1830e-01
3437 0 +6.846730825e+00 +9.446867308e+02 +9.446867308e+02 -2.5495e-01 +1.8961e+00 +2.4166e+00 -1.0434e+00 -7.7000e-01
3895 0 +4.888496939e+00 +9.427284969e+02 +9.427284969e+02 +4.1318e-01 +3.7751e+00 +2.6931e+00 -1.2949e-01 -1.8903e+00
4114 0 +4.336476387e+00 +9.421764764e+02 +9.421764764e+02 +6.7452e-02 +2.7863e+00 +2.3768e+00 -5.9687e-01 -1.3879e+00
4117 0 +3.857697660e+00 +9.416976977e+02 +9.416976977e+02 -2.2047e-01 +2.2468e+00 +3.3760e+00 -2.0224e+00 -2.3417e+00
4130 0 +3.272763727e+00 +9.411127637e+02 +9.411127637e+02 -3.4114e-01 +1.9912e+00 +4.3697e+00 -2.2907e+00 -1.7991e+00
4554 0 +4.856144837e-01 +9.383256145e+02 +9.383256145e+02 -4.2212e-01 +3.2802e+00 +3.7984e+00 -1.7769e+00 -1.6266e+00
4626 0 +2.565629647e-01 +9.380965630e+02 +9.380965630e+02 -4.3420e-01 +3.2944e+00 +4.0059e+00 -1.7493e+00 -1.4334e+00
5600 0 +1.730344272e-01 +9.380130344e+02 +9.380130344e+02 -3.3310e-01 +3.7440e+00 +4.3186e+00 -1.4725e+00 -1.2860e+00
5605 0 +1.602047647e-01 +9.380002048e+02 +9.380002048e+02 -3.3170e-01 +3.4259e+00 +3.7655e+00 -1.5373e+00 -1.5434e+00
5609 0 +1.176585439e-01 +9.379576585e+02 +9.379576585e+02 -3.0182e-01 +3.7172e+00 +3.8192e+00 -1.3212e+00 -1.3579e+00
5972 0 +4.251734727e-02 +9.378825173e+02 +9.378825173e+02 -3.5938e-01 +3.5986e+00 +4.0996e+00 -1.5311e+00 -1.3607e+00
6185 0 +3.724074762e-02 +9.378772407e+02 +9.378772407e+02 -3.0569e-01 +3.4570e+00 +3.8583e+00 -1.3757e+00 -1.2867e+00
6348 0 +2.065913983e-02 +9.378606591e+02 +9.378606591e+02 -3.0391e-01 +3.6574e+00 +4.0470e+00 -1.4112e+00 -1.3607e+00
6518 0 +9.101389295e-03 +9.378491014e+02 +9.378491014e+02 -3.0670e-01 +3.5840e+00 +4.0601e+00 -1.4029e+00 -1.2908e+00
6647 0 +5.663426354e-03 +9.378456634e+02 +9.378456634e+02 -3.0526e-01 +3.5839e+00 +3.9861e+00 -1.4176e+00 -1.3629e+00
6958 0 +3.798898057e-03 +9.378437989e+02 +9.378437989e+02 -3.2924e-01 +3.5685e+00 +3.9692e+00 -1.4202e+00 -1.2992e+00
7171 0 +3.651250322e-03 +9.378436513e+02 +9.378436513e+02 -2.7961e-01 +3.6190e+00 +4.0110e+00 -1.3543e+00 -1.3256e+00
7214 0 +9.786979233e-04 +9.378409787e+02 +9.378409787e+02 -3.0107e-01 +3.5968e+00 +3.9897e+00 -1.3765e+00 -1.3044e+00
7508 0 +8.309331947e-04 +9.378408309e+02 +9.378408309e+02 -3.0748e-01 +3.5858e+00 +3.9907e+00 -1.3894e+00 -1.3028e+00
7564 0 +1.011053255e-04 +9.378401011e+02 +9.378401011e+02 -2.9679e-01 +3.5801e+00 +3.9873e+00 -1.3724e+00 -1.3014e+00
7915 0 +9.428712508e-05 +9.378400943e+02 +9.378400943e+02 -2.9410e-01 +3.5773e+00 +3.9881e+00 -1.3714e+00 -1.3052e+00
8236 0 +4.665188612e-05 +9.378400467e+02 +9.378400467e+02 -2.9561e-01 +3.5832e+00 +3.9772e+00 -1.3712e+00 -1.3098e+00
8262 0 +4.058257184e-05 +9.378400406e+02 +9.378400406e+02 -2.9771e-01 +3.5823e+00 +3.9811e+00 -1.3756e+00 -1.3092e+00
8373 0 +3.957809702e-05 +9.378400396e+02 +9.378400396e+02 -2.9533e-01 +3.5812e+00 +3.9830e+00 -1.3702e+00 -1.3045e+00
8457 0 +2.298401068e-05 +9.378400230e+02 +9.378400230e+02 -2.9767e-01 +3.5784e+00 +3.9750e+00 -1.3738e+00 -1.3071e+00
8595 0 +1.899908523e-05 +9.378400190e+02 +9.378400190e+02 -2.9759e-01 +3.5811e+00 +3.9805e+00 -1.3739e+00 -1.3060e+00
8627 0 +2.445074529e-06 +9.378400024e+02 +9.378400024e+02 -2.9716e-01 +3.5778e+00 +3.9792e+00 -1.3730e+00 -1.3046e+00
9084 0 +2.305326348e-06 +9.378400023e+02 +9.378400023e+02 -2.9757e-01 +3.5783e+00 +3.9795e+00 -1.3738e+00 -1.3049e+00
9132 0 +1.351185801e-06 +9.378400014e+02 +9.378400014e+02 -2.9714e-01 +3.5781e+00 +3.9792e+00 -1.3728e+00 -1.3045e+00
9224 0 +1.055972916e-06 +9.378400011e+02 +9.378400011e+02 -2.9723e-01 +3.5780e+00 +3.9792e+00 -1.3733e+00 -1.3051e+00
9317 0 +3.777961410e-07 +9.378400004e+02 +9.378400004e+02 -2.9663e-01 +3.5783e+00 +3.9789e+00 -1.3724e+00 -1.3054e+00
9563 0 +2.936699275e-07 +9.378400003e+02 +9.378400003e+02 -2.9648e-01 +3.5782e+00 +3.9793e+00 -1.3725e+00 -1.3058e+00
9568 0 +7.659048151e-08 +9.378400001e+02 +9.378400001e+02 -2.9672e-01 +3.5783e+00 +3.9791e+00 -1.3727e+00 -1.3056e+00
9920 0 +2.271156063e-08 +9.378400000e+02 +9.378400000e+02 -2.9685e-01 +3.5784e+00 +3.9791e+00 -1.3729e+00 -1.3057e+00
10015 0 +1.873092970e-08 +9.378400000e+02 +9.378400000e+02 -2.9681e-01 +3.5783e+00 +3.9791e+00 -1.3729e+00 -1.3056e+00
10113 0 +1.019861884e-08 +9.378400000e+02 +9.378400000e+02 -2.9679e-01 +3.5784e+00 +3.9793e+00 -1.3728e+00 -1.3056e+00
10195 0 +7.962398740e-09 +9.378400000e+02 +9.378400000e+02 -2.9679e-01 +3.5784e+00 +3.9792e+00 -1.3728e+00 -1.3057e+00
11729 0 +9.094947018e-13 +9.378400000e+02 +9.378400000e+02 -2.9680e-01 +3.5784e+00 +3.9792e+00 -1.3728e+00 -1.3056e+00
12291 0 +0.000000000e+00 +9.378400000e+02 +9.378400000e+02 -2.9680e-01 +3.5784e+00 +3.9792e+00 -1.3728e+00 -1.3056e+00
20000 0 +0.000000000e+00 +9.378400000e+02 +9.378400000e+02 -2.9680e-01 +3.5784e+00 +3.9792e+00 -1.3728e+00 -1.3056e+00
% f evaluations | g evaluations | best noise-free fitness - Fopt (-7.872000000000e+01) + sum g_i+ | measured fitness | best measured fitness or single-digit g-values | x1 | x2...
1 0 +5.049635707e+05 +5.048848507e+05 +5.048848507e+05 +2.7396e+00 -6.1122e-01 +3.5860e+00 +1.9737e+00 -4.0582e+00
7 0 +1.218817808e+05 +1.218030608e+05 +1.218030608e+05 +2.4476e+00 +4.6751e+00 -1.7417e+00 -1.2954e+00 -3.0444e-01
11 0 +3.201590523e+04 +3.193718523e+04 +3.193718523e+04 -3.0009e+00 -4.9264e+00 +2.8692e+00 +1.6485e+00 +2.0517e+00
76 0 +4.688742713e+02 +3.901542713e+02 +3.901542713e+02 -3.5222e+00 +4.3613e+00 -6.2096e-01 -1.1668e+00 +2.2969e+00
425 0 +9.772127547e+01 +1.900127547e+01 +1.900127547e+01 +1.0059e+00 +3.8667e+00 +2.7315e+00 +7.5153e-02 +1.6981e+00
719 0 +5.560629010e+01 -2.311370990e+01 -2.311370990e+01 +1.7408e+00 +2.0699e+00 -3.1009e+00 -2.3194e+00 +4.2279e+00
% f evaluations | g evaluations | best noise-free fitness - Fopt (7.627000000000e+01) + sum g_i+ | measured fitness | best measured fitness or single-digit g-values | x1 | x2...
1 0 +2.039485884e+06 +2.039562154e+06 +2.039562154e+06 +2.7396e+00 -6.1122e-01 +3.5860e+00 +1.9737e+00 -4.0582e+00
12 0 +1.350689667e+04 +1.358316667e+04 +1.358316667e+04 +2.8073e+00 -4.1084e-01 +6.8741e-01 -3.6020e+00 -3.8547e+00
30 0 +1.286664498e+04 +1.294291498e+04 +1.294291498e+04 -2.3302e+00 -1.6843e+00 +2.0672e-01 -6.1089e-01 -4.7839e+00
40 0 +3.827307031e+03 +3.903577031e+03 +3.903577031e+03 -3.2073e+00 +9.9383e-01 +3.7456e+00 -3.0357e+00 -1.8968e+00
75 0 +2.192054378e+03 +2.268324378e+03 +2.268324378e+03 +2.6253e+00 -2.2947e+00 -1.3581e+00 -1.8556e+00 -3.4239e+00
151 0 +4.150454888e+01 +1.177745489e+02 +1.177745489e+02 +1.2920e+00 -1.7823e+00 -7.3778e-01 -2.6576e+00 +7.4820e-01
1202 0 +1.921799661e+01 +9.548799661e+01 +9.548799661e+01 +7.2627e-01 -4.2770e+00 -1.6936e+00 +1.7433e+00 -4.4903e-01
1411 0 +1.323925203e+01 +8.950925203e+01 +8.950925203e+01 -5.2176e-02 -3.8614e+00 -2.7161e+00 +5.4814e-01 -1.1530e+00
1522 0 +1.254223276e+01 +8.881223276e+01 +8.881223276e+01 -1.0415e+00 -3.3156e+00 -8.7142e-01 +1.3176e+00 -2.7445e+00
2364 0 +7.523085114e+00 +8.379308511e+01 +8.379308511e+01 -9.5385e-01 -4.1679e+00 -2.4385e+00 +1.8597e+00 -3.0456e+00
2409 0 +6.783451921e+00 +8.305345192e+01 +8.305345192e+01 +5.3093e-01 -3.4917e+00 -1.3437e+00 +6.5743e-01 -1.0954e+00
2655 0 +6.330220966e+00 +8.260022097e+01 +8.260022097e+01 -1.0862e-01 -3.6818e+00 -1.8402e+00 +9.4393e-01 -1.7699e+00
2811 0 +4.508061604e+00 +8.077806160e+01 +8.077806160e+01 -1.8841e+00 -3.4644e+00 -2.6022e+00 +3.3804e-01 -1.2804e+00
2813 0 +3.797461445e+00 +8.006746144e+01 +8.006746144e+01 -7.8307e-01 -3.9201e+00 -2.2935e+00 +1.2576e+00 -1.8856e+00
3516 0 +1.331519888e+00 +7.760151989e+01 +7.760151989e+01 -1.4594e+00 -3.3138e+00 -2.0606e+00 +3.0743e-01 -1.1160e+00
3549 0 +1.239330560e+00 +7.750933056e+01 +7.750933056e+01 -2.8411e-01 -3.5360e+00 -1.2480e+00 +1.1219e+00 -1.7444e+00
3818 0 +1.609457160e-01 +7.643094572e+01 +7.643094572e+01 -1.1977e+00 -3.0732e+00 -1.4135e+00 +3.6033e-01 -1.8008e+00
4390 0 +1.156522851e-01 +7.638565229e+01 +7.638565229e+01 -9.6208e-01 -3.1497e+00 -1.4018e+00 +4.1846e-01 -1.5724e+00
4420 0 +5.805589628e-02 +7.632805590e+01 +7.632805590e+01 -1.0498e+00 -3.0377e+00 -1.1971e+00 +4.0762e-01 -1.7837e+00
4911 0 +4.443651291e-02 +7.631443651e+01 +7.631443651e+01 -8.6057e-01 -3.0619e+00 -1.1442e+00 +4.3421e-01 -1.7209e+00
5028 0 +3.474141710e-02 +7.630474142e+01 +7.630474142e+01 -9.2940e-01 -3.2167e+00 -1.3190e+00 +6.4272e-01 -1.8536e+00
5301 0 +2.171646184e-02 +7.629171646e+01 +7.629171646e+01 -9.5298e-01 -3.1573e+00 -1.2503e+00 +5.4245e-01 -1.5975e+00
5359 0 +8.846246335e-03 +7.627884625e+01 +7.627884625e+01 -9.1978e-01 -3.1149e+00 -1.1931e+00 +5.2560e-01 -1.7878e+00
5607 0 +5.952857968e-03 +7.627595286e+01 +7.627595286e+01 -9.4898e-01 -3.1685e+00 -1.2541e+00 +5.8408e-01 -1.7443e+00
5831 0 +5.096019217e-03 +7.627509602e+01 +7.627509602e+01 -9.2031e-01 -3.1708e+00 -1.2152e+00 +6.0800e-01 -1.7362e+00
5834 0 +3.438672143e-03 +7.627343867e+01 +7.627343867e+01 -9.6150e-01 -3.1328e+00 -1.2299e+00 +5.3512e-01 -1.7353e+00
6009 0 +3.108504459e-03 +7.627310850e+01 +7.627310850e+01 -9.3713e-01 -3.1249e+00 -1.2397e+00 +5.1149e-01 -1.7613e+00
6013 0 +2.694779649e-03 +7.627269478e+01 +7.627269478e+01 -9.1885e-01 -3.1437e+00 -1.2404e+00 +5.3875e-01 -1.7395e+00
6073 0 +2.486394314e-03 +7.627248639e+01 +7.627248639e+01 -9.2203e-01 -3.1497e+00 -1.2630e+00 +5.3807e-01 -1.7599e+00
6141 0 +1.929397293e-03 +7.627192940e+01 +7.627192940e+01 -9.6803e-01 -3.1417e+00 -1.2270e+00 +5.5449e-01 -1.7271e+00
6148 0 +6.597397808e-04 +7.627065974e+01 +7.627065974e+01 -9.5583e-01 -3.1541e+00 -1.2512e+00 +5.6234e-01 -1.7546e+00
6311 0 +5.150957229e-04 +7.627051510e+01 +7.627051510e+01 -9.4562e-01 -3.1465e+00 -1.2371e+00 +5.5768e-01 -1.7681e+00
6477 0 +4.059989781e-04 +7.627040600e+01 +7.627040600e+01 -9.3732e-01 -3.1419e+00 -1.2273e+00 +5.5124e-01 -1.7528e+00
6490 0 +2.451699731e-04 +7.627024517e+01 +7.627024517e+01 -9.5148e-01 -3.1485e+00 -1.2365e+00 +5.6019e-01 -1.7487e+00
6654 0 +1.742205960e-04 +7.627017422e+01 +7.627017422e+01 -9.4509e-01 -3.1525e+00 -1.2371e+00 +5.6537e-01 -1.7469e+00
6936 0 +1.016432178e-04 +7.627010164e+01 +7.627010164e+01 -9.4357e-01 -3.1541e+00 -1.2480e+00 +5.6008e-01 -1.7462e+00
6943 0 +9.843712670e-05 +7.627009844e+01 +7.627009844e+01 -9.4697e-01 -3.1484e+00 -1.2390e+00 +5.5594e-01 -1.7429e+00
7098 0 +5.119152786e-05 +7.627005119e+01 +7.627005119e+01 -9.3457e-01 -3.1527e+00 -1.2404e+00 +5.6067e-01 -1.7460e+00
7387 0 +4.104731816e-05 +7.627004105e+01 +7.627004105e+01 -9.3599e-01 -3.1487e+00 -1.2413e+00 +5.5309e-01 -1.7477e+00
7394 0 +2.163796350e-05 +7.627002164e+01 +7.627002164e+01 -9.3855e-01 -3.1485e+00 -1.2414e+00 +5.5356e-01 -1.7498e+00
7418 0 +1.695199003e-05 +7.627001695e+01 +7.627001695e+01 -9.3870e-01 -3.1502e+00 -1.2434e+00 +5.5450e-01 -1.7443e+00
7544 0 +1.602111169e-05 +7.627001602e+01 +7.627001602e+01 -9.3957e-01 -3.1516e+00 -1.2450e+00 +5.5683e-01 -1.7482e+00
7654 0 +9.554017453e-07 +7.627000096e+01 +7.627000096e+01 -9.3836e-01 -3.1502e+00 -1.2427e+00 +5.5549e-01 -1.7479e+00
7713 0 +5.579560423e-07 +7.627000056e+01 +7.627000056e+01 -9.3805e-01 -3.1505e+00 -1.2426e+00 +5.5586e-01 -1.7466e+00
7949 0 +5.228157676e-07 +7.627000052e+01 +7.627000052e+01 -9.3827e-01 -3.1502e+00 -1.2422e+00 +5.5587e-01 -1.7476e+00
8445 0 +3.890320528e-07 +7.627000039e+01 +7.627000039e+01 -9.3831e-01 -3.1502e+00 -1.2420e+00 +5.5587e-01 -1.7474e+00
8538 0 +3.303109679e-07 +7.627000033e+01 +7.627000033e+01 -9.3831e-01 -3.1504e+00 -1.2425e+00 +5.5588e-01 -1.7476e+00
8626 0 +1.826466303e-07 +7.627000018e+01 +7.627000018e+01 -9.3822e-01 -3.1505e+00 -1.2425e+00 +5.5607e-01 -1.7476e+00
8671 0 +5.889936006e-08 +7.627000006e+01 +7.627000006e+01 -9.3848e-01 -3.1505e+00 -1.2426e+00 +5.5598e-01 -1.7472e+00
8736 0 +5.531218505e-08 +7.627000006e+01 +7.627000006e+01 -9.3832e-01 -3.1503e+00 -1.2424e+00 +5.5582e-01 -1.7472e+00
8863 0 +2.945516542e-08 +7.627000003e+01 +7.627000003e+01 -9.3836e-01 -3.1504e+00 -1.2423e+00 +5.5612e-01 -1.7472e+00
9027 0 +2.656646814e-08 +7.627000003e+01 +7.627000003e+01 -9.3829e-01 -3.1504e+00 -1.2424e+00 +5.5590e-01 -1.7472e+00
9080 0 +6.595229252e-09 +7.627000001e+01 +7.627000001e+01 -9.3834e-01 -3.1504e+00 -1.2424e+00 +5.5604e-01 -1.7472e+00
11221 0 +5.542233339e-13 +7.627000000e+01 +7.627000000e+01 -9.3840e-01 -3.1504e+00 -1.2424e+00 +5.5600e-01 -1.7472e+00
12049 0 +0.000000000e+00 +7.627000000e+01 +7.627000000e+01 -9.3840e-01 -3.1504e+00 -1.2424e+00 +5.5600e-01 -1.7472e+00
20000 0 +0.000000000e+00 +7.627000000e+01 +7.627000000e+01 -9.3840e-01 -3.1504e+00 -1.2424e+00 +5.5600e-01 -1.7472e+00
% f evaluations | g evaluations | best noise-free fitness - Fopt (-2.255000000000e+01) + sum g_i+ | measured fitness | best measured fitness or single-digit g-values | x1 | x2...
1 0 +2.111009298e+07 +2.111007043e+07 +2.111007043e+07 +2.7396e+00 -6.1122e-01 +3.5860e+00 +1.9737e+00 -4.0582e+00
2 0 +8.031821223e+06 +8.031798673e+06 +8.031798673e+06 +4.7562e+00 +2.6114e+00 +2.8606e+00 -3.7189e+00 -4.9614e-01
3 0 +3.060982099e+05 +3.060756599e+05 +3.060756599e+05 -1.2920e+00 +4.2676e+00 +1.4387e+00 +3.2276e+00 -5.6586e-01
7 0 +1.047321205e+05 +1.047095705e+05 +1.047095705e+05 +2.4476e+00 +4.6751e+00 -1.7417e+00 -1.2954e+00 -3.0444e-01
13 0 +7.729134258e+04 +7.726879258e+04 +7.726879258e+04 +1.6840e+00 -2.8904e-01 +6.5236e-01 +2.6500e+00 +1.3472e+00
15 0 +1.667221711e+04 +1.664966711e+04 +1.664966711e+04 -2.8542e+00 -9.1471e-01 +3.5340e+00 -2.6606e+00 -4.4170e+00
25 0 +9.685118586e+03 +9.662568586e+03 +9.662568586e+03 +8.4098e-01 +1.4985e+00 -4.1556e+00 -8.4193e-01 -4.5839e+00
45 0 +3.735244867e+03 +3.712694867e+03 +3.712694867e+03 -1.9905e+00 -1.1416e-01 +1.6286e+00 +4.5562e+00 -2.1355e+00
193 0 +1.888971573e+03 +1.866421573e+03 +1.866421573e+03 +4.1635e+00 -1.7352e+00 -1.0212e+00 +8.6672e-01 +1.9877e+00
280 0 +1.554751503e+03 +1.532201503e+03 +1.532201503e+03 +3.3346e+00 -4.4804e+00 +4.0289e+00 -3.7248e+00 +3.0083e+00
308 0 +4.454547239e+02 +4.229047239e+02 +4.229047239e+02 +1.7919e+00 -9.2930e-02 -2.6681e-01 +7.1728e-01 -2.6511e-01
485 0 +2.773836862e+02 +2.548336862e+02 +2.548336862e+02 +1.7962e+00 -2.0963e+00 +3.5621e+00 -2.1251e-01 +2.1816e+00
516 0 +6.572827062e+01 +4.317827062e+01 +4.317827062e+01 -1.0072e+00 +1.2046e+00 +3.8305e+00 -3.2492e+00 -1.7157e+00
711 0 +6.173112200e+01 +3.918112200e+01 +3.918112200e+01 +3.0469e+00 -6.4559e-01 -1.2231e+00 -1.1061e+00 -1.3114e-01
1224 0 +5.392327261e+01 +3.137327261e+01 +3.137327261e+01 +3.0332e+00 +3.1244e+00 -7.0178e-02 -3.6965e+00 +2.1954e-01
1339 0 +2.854793338e+01 +5.997933385e+00 +5.997933385e+00 +1.2258e+00 -1.7694e-01 +3.2264e-01 -1.6916e+00 -1.2994e+00
1665 0 +1.933868690e+01 -3.211313095e+00 -3.211313095e+00 +3.0769e-01 +1.8271e+00 +1.9571e+00 -1.8318e+00 -1.0541e+00
% f evaluations | g evaluations | best noise-free fitness - Fopt (1.366000000000e+01) + sum g_i+ | measured fitness | best measured fitness or single-digit g-values | x1 | x2...
1 0 +6.474641787e+05 +6.474778387e+05 +6.474778387e+05 +2.7396e+00 -6.1122e-01 +3.5860e+00 +1.9737e+00 -4.0582e+00
4 0 +5.670013318e+05 +5.670149918e+05 +5.670149918e+05 -2.7276e+00 +5.4585e-01 -4.3618e+00 +3.2763e+00 +1.3166e+00
7 0 +1.309663599e+05 +1.309800199e+05 +1.309800199e+05 +2.4476e+00 +4.6751e+00 -1.7417e+00 -1.2954e+00 -3.0444e-01
19 0 +4.261863296e+04 +4.263229296e+04 +4.263229296e+04 -3.4769e+00 +1.9632e+00 -5.3844e-01 -1.1898e+00 -1.9849e+00
76 0 +3.102175470e+04 +3.103541470e+04 +3.103541470e+04 -3.5222e+00 +4.3613e+00 -6.2096e-01 -1.1668e+00 +2.2969e+00
117 0 +7.342915668e+02 +7.479515668e+02 +7.479515668e+02 +4.8886e+00 +4.2781e+00 +1.3235e+00 +1.3247e+00 +9.0915e-01
285 0 +6.515582185e+02 +6.652182185e+02 +6.652182185e+02 +1.6431e+00 -1.5761e+00 +3.1402e+00 +4.5371e+00 -4.9647e+00
545 0 +5.892052811e+02 +6.028652811e+02 +6.028652811e+02 -6.2107e-01 +8.3290e-01 +3.2277e+00 +2.1692e+00 -1.9175e+00
550 0 +2.641898120e+02 +2.778498120e+02 +2.778498120e+02 -3.4769e+00 +2.3737e+00 +2.7908e+00 -1.1898e+00 -8.4131e-01
639 0 +6.513746901e+01 +7.879746901e+01 +7.879746901e+01 +3.8788e+00 +3.8554e+00 -1.6779e+00 -8.9736e-01 -1.2466e+00
676 0 +2.414018452e+01 +3.780018452e+01 +3.780018452e+01 +2.1394e+00 +1.5818e+00 -1.1613e-01 +3.9392e+00 -2.7710e-01
783 0 +1.314612913e+01 +2.680612913e+01 +2.680612913e+01 -8.4617e-01 +2.4670e+00 +8.0153e-01 -3.9455e-01 -1.1355e+00
2329 0 +1.182499109e+01 +2.548499109e+01 +2.548499109e+01 +1.9795e-01 +3.4154e+00 +1.4374e+00 -2.5648e+00 -1.7920e+00
2586 0 +1.169134269e+01 +2.535134269e+01 +2.535134269e+01 +1.6544e-01 +1.3038e+00 +3.8293e+00 +1.7174e+00 -1.7681e+00
2857 0 +9.895125472e+00 +2.355512547e+01 +2.355512547e+01 +3.2260e-01 +1.5910e+00 +3.9518e-01 +1.1951e+00 -1.8108e+00
3016 0 +6.046056749e+00 +1.970605675e+01 +1.970605675e+01 +1.0611e-01 +1.9048e+00 +6.7214e-01 -1.6730e-01 -2.3284e+00
3211 0 +2.734146121e+00 +1.639414612e+01 +1.639414612e+01 -2.3107e-01 +2.4261e+00 +2.6880e+00 +9.2891e-01 -3.2984e-01
3832 0 +2.675739510e+00 +1.633573951e+01 +1.633573951e+01 +9.5043e-01 +2.6965e+00 +3.6721e+00 -6.2133e-01 -1.7019e+00
4410 0 +1.892325172e+00 +1.555232517e+01 +1.555232517e+01 +8.3516e-01 +2.5361e+00 +2.5869e+00 +1.0976e+00 -4.6412e-01
4481 0 +1.051847419e+00 +1.471184742e+01 +1.471184742e+01 -3.9561e-02 +2.2904e+00 +2.8757e+00 +5.3535e-01 -9.8507e-01
4606 0 +7.923292580e-01 +1.445232926e+01 +1.445232926e+01 +6.6933e-01 +1.8686e+00 +2.0684e+00 +8.0756e-01 -1.8006e+00
4719 0 +2.797007827e-01 +1.393970078e+01 +1.393970078e+01 +3.9056e-01 +2.0576e+00 +2.9209e+00 +4.4732e-01 -1.6539e+00
5000 0 +1.684962314e-01 +1.382849623e+01 +1.382849623e+01 +3.9810e-01 +2.1824e+00 +2.7011e+00 +2.9113e-01 -1.5766e+00
5258 0 +8.844741195e-02 +1.374844741e+01 +1.374844741e+01 +5.0232e-01 +2.2646e+00 +2.5630e+00 +3.2640e-01 -1.4486e+00
5331 0 +5.735552779e-02 +1.371735553e+01 +1.371735553e+01 +5.1025e-01 +2.2049e+00 +2.7164e+00 +3.6878e-01 -1.5199e+00
5531 0 +4.038650577e-02 +1.370038651e+01 +1.370038651e+01 +5.0453e-01 +2.2670e+00 +2.6870e+00 +4.5708e-01 -1.3341e+00
5537 0 +1.767789058e-02 +1.367767789e+01 +1.367767789e+01 +3.2655e-01 +2.2271e+00 +2.6861e+00 +3.7658e-01 -1.3937e+00
5871 0 +1.666095074e-02 +1.367666095e+01 +1.367666095e+01 +3.7800e-01 +2.2010e+00 +2.6882e+00 +3.7522e-01 -1.4626e+00
6021 0 +1.427577598e-02 +1.367427578e+01 +1.367427578e+01 +4.0222e-01 +2.1728e+00 +2.5755e+00 +3.6046e-01 -1.5356e+00
6052 0 +1.344329921e-02 +1.367344330e+01 +1.367344330e+01 +4.5807e-01 +2.1687e+00 +2.6261e+00 +3.6826e-01 -1.5603e+00
6065 0 +1.125582479e-02 +1.367125582e+01 +1.367125582e+01 +4.8429e-01 +2.2760e+00 +2.7173e+00 +3.2144e-01 -1.4251e+00
6069 0 +5.122727877e-03 +1.366512273e+01 +1.366512273e+01 +4.4200e-01 +2.2552e+00 +2.6267e+00 +3.0544e-01 -1.4567e+00
6217 0 +4.433432654e-03 +1.366443343e+01 +1.366443343e+01 +4.2779e-01 +2.2192e+00 +2.6138e+00 +3.2387e-01 -1.4972e+00
6329 0 +2.368426002e-03 +1.366236843e+01 +1.366236843e+01 +4.4270e-01 +2.2259e+00 +2.6485e+00 +3.6106e-01 -1.4601e+00
6505 0 +1.844978902e-03 +1.366184498e+01 +1.366184498e+01 +4.1303e-01 +2.2003e+00 +2.6666e+00 +3.8144e-01 -1.4742e+00
6582 0 +1.749615036e-03 +1.366174962e+01 +1.366174962e+01 +4.3172e-01 +2.2379e+00 +2.6489e+00 +3.4537e-01 -1.4480e+00
6708 0 +2.657488551e-04 +1.366026575e+01 +1.366026575e+01 +4.3003e-01 +2.2168e+00 +2.6589e+00 +3.5287e-01 -1.4774e+00
7229 0 +1.882821160e-04 +1.366018828e+01 +1.366018828e+01 +4.1808e-01 +2.2243e+00 +2.6586e+00 +3.4898e-01 -1.4625e+00
7277 0 +5.733327523e-05 +1.366005733e+01 +1.366005733e+01 +4.2685e-01 +2.2263e+00 +2.6621e+00 +3.4829e-01 -1.4636e+00
7403 0 +3.779834431e-05 +1.366003780e+01 +1.366003780e+01 +4.2705e-01 +2.2238e+00 +2.6648e+00 +3.4566e-01 -1.4701e+00
7580 0 +3.332447039e-05 +1.366003332e+01 +1.366003332e+01 +4.3060e-01 +2.2227e+00 +2.6598e+00 +3.5359e-01 -1.4669e+00
7685 0 +2.333774215e-05 +1.366002334e+01 +1.366002334e+01 +4.2353e-01 +2.2240e+00 +2.6616e+00 +3.4696e-01 -1.4671e+00
7866 0 +1.674507014e-05 +1.366001675e+01 +1.366001675e+01 +4.2813e-01 +2.2239e+00 +2.6573e+00 +3.4744e-01 -1.4689e+00
8111 0 +8.971017166e-06 +1.366000897e+01 +1.366000897e+01 +4.2841e-01 +2.2239e+00 +2.6602e+00 +3.4730e-01 -1.4692e+00
8152 0 +1.444085809e-06 +1.366000144e+01 +1.366000144e+01 +4.2649e-01 +2.2244e+00 +2.6604e+00 +3.4832e-01 -1.4666e+00
8546 0 +7.959599611e-07 +1.366000080e+01 +1.366000080e+01 +4.2701e-01 +2.2240e+00 +2.6596e+00 +3.4844e-01 -1.4674e+00
8604 0 +4.010101975e-07 +1.366000040e+01 +1.366000040e+01 +4.2740e-01 +2.2239e+00 +2.6595e+00 +3.4904e-01 -1.4673e+00
8921 0 +3.755088045e-07 +1.366000038e+01 +1.366000038e+01 +4.2736e-01 +2.2240e+00 +2.6604e+00 +3.4921e-01 -1.4670e+00
8926 0 +3.290847701e-07 +1.366000033e+01 +1.366000033e+01 +4.2735e-01 +2.2240e+00 +2.6598e+00 +3.4920e-01 -1.4670e+00
8945 0 +1.301744330e-07 +1.366000013e+01 +1.366000013e+01 +4.2731e-01 +2.2239e+00 +2.6598e+00 +3.4884e-01 -1.4674e+00
9194 0 +5.496328193e-08 +1.366000005e+01 +1.366000005e+01 +4.2716e-01 +2.2241e+00 +2.6600e+00 +3.4869e-01 -1.4671e+00
9251 0 +4.590920000e-08 +1.366000005e+01 +1.366000005e+01 +4.2725e-01 +2.2241e+00 +2.6599e+00 +3.4864e-01 -1.4673e+00
9298 0 +4.223596228e-08 +1.366000004e+01 +1.366000004e+01 +4.2730e-01 +2.2240e+00 +2.6600e+00 +3.4882e-01 -1.4673e+00
9445 0 +2.315892544e-08 +1.366000002e+01 +1.366000002e+01 +4.2730e-01 +2.2240e+00 +2.6600e+00 +3.4888e-01 -1.4671e+00
9508 0 +1.712798436e-08 +1.366000002e+01 +1.366000002e+01 +4.2727e-01 +2.2241e+00 +2.6599e+00 +3.4874e-01 -1.4672e+00
9560 0 +1.204270106e-08 +1.366000001e+01 +1.366000001e+01 +4.2719e-01 +2.2240e+00 +2.6600e+00 +3.4881e-01 -1.4671e+00
9702 0 +9.620210406e-09 +1.366000001e+01 +1.366000001e+01 +4.2728e-01 +2.2240e+00 +2.6600e+00 +3.4878e-01 -1.4672e+00
11659 0 +8.650857808e-13 +1.366000000e+01 +1.366000000e+01 +4.2720e-01 +2.2240e+00 +2.6600e+00 +3.4880e-01 -1.4672e+00
12905 0 +0.000000000e+00 +1.366000000e+01 +1.366000000e+01 +4.2720e-01 +2.2240e+00 +2.6600e+00 +3.4880e-01 -1.4672e+00
20000 0 +0.000000000e+00 +1.366000000e+01 +1.366000000e+01 +4.2720e-01 +2.2240e+00 +2.6600e+00 +3.4880e-01 -1.4672e+00
% f evaluations | g evaluations | best noise-free fitness - Fopt (9.378400000000e+02) + sum g_i+ | measured fitness | best measured fitness or single-digit g-values | x1 | x2...
1 0 +3.095173398e+05 +3.104551798e+05 +3.104551798e+05 +2.7396e+00 -6.1122e-01 +3.5860e+00 +1.9737e+00 -4.0582e+00
5 0 +1.749244388e+04 +1.843028388e+04 +1.843028388e+04 +2.5809e+00 -1.4547e+00 +4.7070e+00 +3.9312e+00 +2.7838e+00
123 0 +1.196788768e+03 +2.134628768e+03 +2.134628768e+03 -7.4294e-01 -4.7298e+00 -3.7715e+00 -3.4434e+00 -3.7356e+00
221 0 +8.216848508e+02 +1.759524851e+03 +1.759524851e+03 -3.1846e+00 +4.2512e+00 -3.3474e+00 -3.7050e+00 -1.5423e+00
377 0 +7.356540026e+01 +1.011405400e+03 +1.011405400e+03 +1.1617e+00 -3.2871e+00 -3.1892e-01 +7.2431e-01 -3.4015e-01
1345 0 +2.977480129e+01 +9.676148013e+02 +9.676148013e+02 -1.7648e+00 +9.8829e-01 +3.8262e-01 -3.9856e+00 -2.4533e+00
1917 0 +1.869724006e+01 +9.565372401e+02 +9.565372401e+02 -1.0522e+00 +1.8754e+00 +4.0808e+00 -1.1180e+00 +2.3231e+00
2295 0 +1.799353594e+01 +9.558335359e+02 +9.558335359e+02 -9.0404e-01 +2.4193e+00 +2.7709e+00 -4.6104e-01 +2.0896e+00
2503 0 +1.416756841e+01 +9.520075684e+02 +9.520075684e+02 +5.8055e-01 +1.3380e+00 +2.6795e+00 +3.0730e-01 -2.5253e-01
2686 0 +7.689480238e+00 +9.455294802e+02 +9.455294802e+02 +4.5461e-01 +1.6765e+00 +4.9359e+00 -5.5278e-01 -4.2151e-01
3287 0 +7.325603059e+00 +9.451656031e+02 +9.451656031e+02 -8.1162e-01 +1.8096e+00 +3.6943e+00 -2.9946e+00 -2.0075e+00
3370 0 +7.190464375e+00 +9.450304644e+02 +9.450304644e+02 -5.6522e-01 +1.6570e+00 +2.8784e+00 -1.6027e+00 -5.1830e-01
3437 0 +6.846730825e+00 +9.446867308e+02 +9.446867308e+02 -2.5495e-01 +1.8961e+00 +2.4166e+00 -1.0434e+00 -7.7000e-01
3895 0 +4.888496939e+00 +9.427284969e+02 +9.427284969e+02 +4.1318e-01 +3.7751e+00 +2.6931e+00 -1.2949e-01 -1.8903e+00
4114 0 +4.336476387e+00 +9.421764764e+02 +9.421764764e+02 +6.7452e-02 +2.7863e+00 +2.3768e+00 -5.9687e-01 -1.3879e+00
4117 0 +3.857697660e+00 +9.416976977e+02 +9.416976977e+02 -2.2047e-01 +2.2468e+00 +3.3760e+00 -2.0224e+00 -2.3417e+00
4130 0 +3.272763727e+00 +9.411127637e+02 +9.411127637e+02 -3.4114e-01 +1.9912e+00 +4.3697e+00 -2.2907e+00 -1.7991e+00
4554 0 +4.856144837e-01 +9.383256145e+02 +9.383256145e+02 -4.2212e-01 +3.2802e+00 +3.7984e+00 -1.7769e+00 -1.6266e+00
4626 0 +2.565629647e-01 +9.380965630e+02 +9.380965630e+02 -4.3420e-01 +3.2944e+00 +4.0059e+00 -1.7493e+00 -1.4334e+00
5600 0 +1.730344272e-01 +9.380130344e+02 +9.380130344e+02 -3.3310e-01 +3.7440e+00 +4.3186e+00 -1.4725e+00 -1.2860e+00
5605 0 +1.602047647e-01 +9.380002048e+02 +9.380002048e+02 -3.3170e-01 +3.4259e+00 +3.7655e+00 -1.5373e+00 -1.5434e+00
5609 0 +1.176585439e-01 +9.379576585e+02 +9.379576585e+02 -3.0182e-01 +3.7172e+00 +3.8192e+00 -1.3212e+00 -1.3579e+00
5972 0 +4.251734727e-02 +9.378825173e+02 +9.378825173e+02 -3.5938e-01 +3.5986e+00 +4.0996e+00 -1.5311e+00 -1.3607e+00
6185 0 +3.724074762e-02 +9.378772407e+02 +9.378772407e+02 -3.0569e-01 +3.4570e+00 +3.8583e+00 -1.3757e+00 -1.2867e+00
6348 0 +2.065913983e-02 +9.378606591e+02 +9.378606591e+02 -3.0391e-01 +3.6574e+00 +4.0470e+00 -1.4112e+00 -1.3607e+00
6518 0 +9.101389295e-03 +9.378491014e+02 +9.378491014e+02 -3.0670e-01 +3.5840e+00 +4.0601e+00 -1.4029e+00 -1.2908e+00
6647 0 +5.663426354e-03 +9.378456634e+02 +9.378456634e+02 -3.0526e-01 +3.5839e+00 +3.9861e+00 -1.4176e+00 -1.3629e+00
6958 0 +3.798898057e-03 +9.378437989e+02 +9.378437989e+02 -3.2924e-01 +3.5685e+00 +3.9692e+00 -1.4202e+00 -1.2992e+00
7171 0 +3.651250322e-03 +9.378436513e+02 +9.378436513e+02 -2.7961e-01 +3.6190e+00 +4.0110e+00 -1.3543e+00 -1.3256e+00
7214 0 +9.786979233e-04 +9.378409787e+02 +9.378409787e+02 -3.0107e-01 +3.5968e+00 +3.9897e+00 -1.3765e+00 -1.3044e+00
7508 0 +8.309331947e-04 +9.378408309e+02 +9.378408309e+02 -3.0748e-01 +3.5858e+00 +3.9907e+00 -1.3894e+00 -1.3028e+00
7564 0 +1.011053255e-04 +9.378401011e+02 +9.378401011e+02 -2.9679e-01 +3.5801e+00 +3.9873e+00 -1.3724e+00 -1.3014e+00
7915 0 +9.428712508e-05 +9.378400943e+02 +9.378400943e+02 -2.9410e-01 +3.5773e+00 +3.9881e+00 -1.3714e+00 -1.3052e+00
8236 0 +4.665188612e-05 +9.378400467e+02 +9.378400467e+02 -2.9561e-01 +3.5832e+00 +3.9772e+00 -1.3712e+00 -1.3098e+00
8262 0 +4.058257184e-05 +9.378400406e+02 +9.378400406e+02 -2.9771e-01 +3.5823e+00 +3.9811e+00 -1.3756e+00 -1.3092e+00
8373 0 +3.957809702e-05 +9.378400396e+02 +9.378400396e+02 -2.9533e-01 +3.5812e+00 +3.9830e+00 -1.3702e+00 -1.3045e+00
8457 0 +2.298401068e-05 +9.378400230e+02 +9.378400230e+02 -2.9767e-01 +3.5784e+00 +3.9750e+00 -1.3738e+00 -1.3071e+00
8595 0 +1.899908523e-05 +9.378400190e+02 +9.378400190e+02 -2.9759e-01 +3.5811e+00 +3.9805e+00 -1.3739e+00 -1.3060e+00
8627 0 +2.445074529e-06 +9.378400024e+02 +9.378400024e+02 -2.9716e-01 +3.5778e+00 +3.9792e+00 -1.3730e+00 -1.3046e+00
9084 0 +2.305326348e-06 +9.378400023e+02 +9.378400023e+02 -2.9757e-01 +3.5783e+00 +3.9795e+00 -1.3738e+00 -1.3049e+00
9132 0 +1.351185801e-06 +9.378400014e+02 +9.378400014e+02 -2.9714e-01 +3.5781e+00 +3.9792e+00 -1.3728e+00 -1.3045e+00
9224 0 +1.055972916e-06 +9.378400011e+02 +9.378400011e+02 -2.9723e-01 +3.5780e+00 +3.9792e+00 -1.3733e+00 -1.3051e+00
9317 0 +3.777961410e-07 +9.378400004e+02 +9.378400004e+02 -2.9663e-01 +3.5783e+00 +3.9789e+00 -1.3724e+00 -1.3054e+00
9563 0 +2.936699275e-07 +9.378400003e+02 +9.378400003e+02 -2.9648e-01 +3.5782e+00 +3.9793e+00 -1.3725e+00 -1.3058e+00
9568 0 +7.659048151e-08 +9.378400001e+02 +9.378400001e+02 -2.9672e-01 +3.5783e+00 +3.9791e+00 -1.3727e+00 -1.3056e+00
9920 0 +2.271156063e-08 +9.378400000e+02 +9.378400000e+02 -2.9685e-01 +3.5784e+00 +3.9791e+00 -1.3729e+00 -1.3057e+00
10015 0 +1.873092970e-08 +9.378400000e+02 +9.378400000e+02 -2.9681e-01 +3.5783e+00 +3.9791e+00 -1.3729e+00 -1.3056e+00
10113 0 +1.019861884e-08 +9.378400000e+02 +9.378400000e+02 -2.9679e-01 +3.5784e+00 +3.9793e+00 -1.3728e+00 -1.3056e+00
10195 0 +7.962398740e-09 +9.378400000e+02 +9.378400000e+02 -2.9679e-01 +3.5784e+00 +3.9792e+00 -1.3728e+00 -1.3057e+00
11729 0 +9.094947018e-13 +9.378400000e+02 +9.378400000e+02 -2.9680e-01 +3.5784e+00 +3.9792e+00 -1.3728e+00 -1.3056e+00
12291 0 +0.000000000e+00 +9.378400000e+02 +9.378400000e+02 -2.9680e-01 +3.5784e+00 +3.9792e+00 -1.3728e+00 -1.3056e+00
20000 0 +0.000000000e+00 +9.378400000e+02 +9.378400000e+02 -2.9680e-01 +3.5784e+00 +3.9792e+00 -1.3728e+00 -1.3056e+00
% f evaluations | g evaluations | best noise-free fitness - Fopt (-7.872000000000e+01) + sum g_i+ | measured fitness | best measured fitness or single-digit g-values | x1 | x2...
1 0 +5.049635707e+05 +5.048848507e+05 +5.048848507e+05 +2.7396e+00 -6.1122e-01 +3.5860e+00 +1.9737e+00 -4.0582e+00
7 0 +1.218817808e+05 +1.218030608e+05 +1.218030608e+05 +2.4476e+00 +4.6751e+00 -1.7417e+00 -1.2954e+00 -3.0444e-01
11 0 +3.201590523e+04 +3.193718523e+04 +3.193718523e+04 -3.0009e+00 -4.9264e+00 +2.8692e+00 +1.6485e+00 +2.0517e+00
76 0 +4.688742713e+02 +3.901542713e+02 +3.901542713e+02 -3.5222e+00 +4.3613e+00 -6.2096e-01 -1.1668e+00 +2.2969e+00
425 0 +9.772127547e+01 +1.900127547e+01 +1.900127547e+01 +1.0059e+00 +3.8667e+00 +2.7315e+00 +7.5153e-02 +1.6981e+00
719 0 +5.560629010e+01 -2.311370990e+01 -2.311370990e+01 +1.7408e+00 +2.0699e+00 -3.1009e+00 -2.3194e+00 +4.2279e+00
