% f evaluations | g evaluations | best noise-free fitness - Fopt (7.135000000000e+01) + sum g_i+ | measured fitness | best measured fitness or single-digit g-values | x1 | x2...
1 0 +6.547766711e+01 +1.368276671e+02 +1.368276671e+02 +2.7396e+00 -6.1122e-01 +3.5860e+00 +1.9737e+00 -4.0582e+00 +4.7562e+00 +2.6114e+00 +2.8606e+00 -3.7189e+00 -4.9614e-01
4 0 +2.990276077e+01 +1.012527608e+02 +1.012527608e+02 +2.4476e+00 +4.6751e+00 -1.7417e+00 -1.2954e+00 -3.0444e-01 -3.1053e+00 -3.7008e+00 -2.4295e-01 -2.7309e+00 +1.6981e+00
47 0 +2.877880293e+01 +1.001288029e+02 +1.001288029e+02 +7.2413e-01 -3.5487e+00 +4.4602e+00 -1.9866e+00 +7.8017e-01 +1.9978e+00 +1.4923e+00 +4.4059e+00 -3.5156e+00 +8.3527e-02
53 0 +2.130577223e+01 +9.265577223e+01 +9.265577223e+01 +3.5655e+00 -1.2774e+00 -3.4639e+00 +1.0084e+00 -3.8033e+00 -1.3508e+00 +4.5843e+00 +4.9546e+00 +2.7210e+00 -1.8904e+00
717 0 +1.817795718e+01 +8.952795718e+01 +8.952795718e+01 +4.6071e+00 -1.7188e-01 +2.7305e+00 +2.6500e+00 +1.3472e+00 +4.6806e+00 +3.5190e+00 -3.0825e+00 -2.6408e+00 +4.0337e+00
2624 0 +1.673862656e+01 +8.808862656e+01 +8.808862656e+01 +5.5784e-01 -4.9259e+00 +1.6064e-01 -4.7051e+00 -1.5329e+00 +3.6067e+00 -2.5984e-01 -7.5305e-02 -1.3719e-01 -2.5921e+00
2729 0 +1.514586570e+01 +8.649586570e+01 +8.649586570e+01 +4.8594e+00 +2.6551e-01 -3.4742e+00 +2.0686e+00 +4.5571e+00 +3.6561e-01 -2.0245e+00 -7.5223e-01 -4.9136e+00 +1.7226e+00
3827 0 +1.443952804e+01 +8.578952804e+01 +8.578952804e+01 -3.3997e+00 -3.4598e+00 +1.0600e+00 +5.7884e-01 +3.3424e+00 -2.8434e+00 +9.9234e-01 +2.4949e+00 -2.4896e+00 +8.3730e-01
5160 0 +1.260373671e+01 +8.395373671e+01 +8.395373671e+01 +2.1156e+00 -3.4955e+00 +2.1376e+00 -3.6179e+00 +4.1882e+00 -4.9074e+00 -1.1410e+00 +6.5839e-01 -3.8937e+00 +1.2015e+00
5575 0 +1.090961715e+01 +8.225961715e+01 +8.225961715e+01 +2.1234e+00 -3.6224e+00 +2.2736e+00 -3.2622e+00 +4.4983e+00 -4.9340e+00 -8.4549e-01 +4.6290e-01 -4.0894e+00 +1.5838e+00
8441 0 +9.088382501e+00 +8.043838250e+01 +8.043838250e+01 -1.6044e+00 -2.9249e+00 -4.5056e+00 -3.7602e+00 +3.3162e-01 -2.9070e+00 -3.6817e+00 -1.5203e-01 +1.3759e+00 +1.7356e+00
9409 0 +7.617945445e+00 +7.896794545e+01 +7.896794545e+01 +4.9223e-01 -1.9048e+00 -3.2288e+00 -7.9953e-02 +2.9446e-01 -2.2952e+00 +7.0471e-01 +2.0636e+00 -3.7209e+00 +2.7554e+00
13253 0 +3.843554422e+00 +7.519355442e+01 +7.519355442e+01 +3.7830e+00 +6.7706e-01 +1.3715e+00 +1.0191e+00 -1.0129e+00 -3.6937e+00 +4.0446e+00 -1.7361e+00 -2.7377e-01 +1.8641e+00
15952 0 +3.785832517e+00 +7.513583252e+01 +7.513583252e+01 +3.5801e+00 +6.6271e-01 +1.3746e+00 +8.3678e-01 -1.1389e+00 -3.6685e+00 +4.2039e+00 -1.7038e+00 -2.4046e-01 +1.8447e+00
16028 0 +3.714503033e+00 +7.506450303e+01 +7.506450303e+01 +3.5801e+00 +6.6293e-01 +1.3746e+00 +8.3663e-01 -1.1388e+00 -3.6686e+00 +4.2038e+00 -1.7038e+00 -2.4042e-01 +1.8449e+00
17583 0 +2.923179141e+00 +7.427317914e+01 +7.427317914e+01 -1.6350e+00 -2.9445e+00 -4.8073e+00 -3.7793e+00 +3.9003e-01 -2.9374e+00 -3.5616e+00 -2.0413e-01 +1.3504e+00 +1.7160e+00
18608 0 +2.811864802e+00 +7.416186480e+01 +7.416186480e+01 -1.6350e+00 -2.9445e+00 -4.8073e+00 -3.7793e+00 +3.9003e-01 -2.9329e+00 -3.5616e+00 -2.0413e-01 +1.3504e+00 +1.7160e+00
20348 0 +2.182193758e+00 +7.353219376e+01 +7.353219376e+01 -1.9250e+00 +9.7843e-01 -9.9796e-02 +1.3797e+00 -2.1914e+00 +2.6623e+00 -2.1185e+00 +3.8508e+00 +1.7592e+00 -3.0066e-01
20437 0 +1.796965416e+00 +7.314696542e+01 +7.314696542e+01 -1.9333e+00 +9.6685e-01 -1.0226e-01 +1.3807e+00 -2.1930e+00 +2.6525e+00 -2.1261e+00 +3.8320e+00 +1.7595e+00 -3.0689e-01
22324 0 +1.317076859e+00 +7.266707686e+01 +7.266707686e+01 -1.8678e+00 +9.8271e-01 -1.0857e-01 +1.3331e+00 -2.2001e+00 +2.6785e+00 -2.1624e+00 +3.8718e+00 +1.7767e+00 -3.5301e-01
22345 0 +1.166216474e+00 +7.251621647e+01 +7.251621647e+01 -1.8852e+00 +9.8611e-01 -1.0910e-01 +1.3160e+00 -2.1945e+00 +2.6458e+00 -2.1782e+00 +3.8665e+00 +1.7676e+00 -3.5630e-01
22347 0 +8.307619184e-01 +7.218076192e+01 +7.218076192e+01 -1.8793e+00 +9.7218e-01 -1.0955e-01 +1.3159e+00 -2.2016e+00 +2.6333e+00 -2.1805e+00 +3.8876e+00 +1.7662e+00 -3.5810e-01
22373 0 +7.766513378e-01 +7.212665134e+01 +7.212665134e+01 -1.8371e+00 +9.7053e-01 -1.1174e-01 +1.3070e+00 -2.2092e+00 +2.6256e+00 -2.1671e+00 +3.8800e+00 +1.7756e+00 -3.5905e-01
22375 0 +6.857748614e-01 +7.203577486e+01 +7.203577486e+01 -1.8615e+00 +9.7632e-01 -1.1113e-01 +1.3036e+00 -2.2098e+00 +2.6373e+00 -2.1682e+00 +3.8872e+00 +1.7769e+00 -3.5588e-01
22391 0 +6.196180656e-01 +7.196961807e+01 +7.196961807e+01 -1.8584e+00 +9.7642e-01 -1.1089e-01 +1.3090e+00 -2.2022e+00 +2.6409e+00 -2.1720e+00 +3.8826e+00 +1.7774e+00 -3.5518e-01
22395 0 +5.978395983e-01 +7.194783960e+01 +7.194783960e+01 -1.8555e+00 +9.7617e-01 -1.1030e-01 +1.3124e+00 -2.1989e+00 +2.6444e+00 -2.1737e+00 +3.8817e+00 +1.7747e+00 -3.5511e-01
22408 0 +5.731342294e-01 +7.192313423e+01 +7.192313423e+01 -1.8613e+00 +9.7734e-01 -1.1044e-01 +1.3110e+00 -2.1983e+00 +2.6462e+00 -2.1720e+00 +3.8790e+00 +1.7746e+00 -3.5578e-01
22438 0 +5.609045946e-01 +7.191090459e+01 +7.191090459e+01 -1.8587e+00 +9.7624e-01 -1.1061e-01 +1.3115e+00 -2.2000e+00 +2.6456e+00 -2.1719e+00 +3.8792e+00 +1.7764e+00 -3.5520e-01
22544 0 +5.488917196e-01 +7.189889172e+01 +7.189889172e+01 -1.8581e+00 +9.7623e-01 -1.1060e-01 +1.3118e+00 -2.2001e+00 +2.6456e+00 -2.1719e+00 +3.8793e+00 +1.7767e+00 -3.5528e-01
25007 0 +5.260090039e-01 +7.187600900e+01 +7.187600900e+01 -1.8823e+00 +8.9924e-01 -8.7404e-02 +1.2932e+00 -2.2089e+00 +2.6314e+00 -2.0180e+00 +3.9067e+00 +1.7118e+00 -3.8605e-01
25023 0 +5.158832209e-01 +7.186588322e+01 +7.186588322e+01 -1.8822e+00 +8.9944e-01 -8.7398e-02 +1.2926e+00 -2.2097e+00 +2.6316e+00 -2.0181e+00 +3.9065e+00 +1.7118e+00 -3.8601e-01
25045 0 +5.085538659e-01 +7.185855387e+01 +7.185855387e+01 -1.8822e+00 +8.9941e-01 -8.7405e-02 +1.2928e+00 -2.2095e+00 +2.6311e+00 -2.0182e+00 +3.9070e+00 +1.7118e+00 -3.8599e-01
25069 0 +4.990662678e-01 +7.184906627e+01 +7.184906627e+01 -1.8821e+00 +8.9948e-01 -8.7405e-02 +1.2928e+00 -2.2096e+00 +2.6313e+00 -2.0182e+00 +3.9072e+00 +1.7118e+00 -3.8594e-01
27182 0 +4.409072843e-01 +7.179090728e+01 +7.179090728e+01 -1.8492e+00 +9.2116e-01 -4.0591e-02 +1.3316e+00 -2.2922e+00 +2.6083e+00 -2.0606e+00 +3.7469e+00 +1.7850e+00 -3.9265e-01
27197 0 +4.297919901e-01 +7.177979199e+01 +7.177979199e+01 -1.8506e+00 +9.2234e-01 -3.9694e-02 +1.3359e+00 -2.2672e+00 +2.6100e+00 -2.0707e+00 +3.7493e+00 +1.7835e+00 -3.9549e-01
27219 0 +3.533694988e-01 +7.170336950e+01 +7.170336950e+01 -1.8462e+00 +9.2230e-01 -4.0021e-02 +1.3401e+00 -2.2815e+00 +2.6150e+00 -2.0755e+00 +3.7587e+00 +1.7869e+00 -3.9383e-01
27236 0 +3.177224272e-01 +7.166772243e+01 +7.166772243e+01 -1.8441e+00 +9.2055e-01 -4.0175e-02 +1.3375e+00 -2.2751e+00 +2.6167e+00 -2.0801e+00 +3.7569e+00 +1.7851e+00 -3.9492e-01
27257 0 +3.086946787e-01 +7.165869468e+01 +7.165869468e+01 -1.8430e+00 +9.2204e-01 -3.9881e-02 +1.3413e+00 -2.2756e+00 +2.6172e+00 -2.0817e+00 +3.7573e+00 +1.7845e+00 -3.9526e-01
27267 0 +3.019786597e-01 +7.165197866e+01 +7.165197866e+01 -1.8449e+00 +9.2157e-01 -3.9936e-02 +1.3405e+00 -2.2747e+00 +2.6172e+00 -2.0806e+00 +3.7584e+00 +1.7836e+00 -3.9424e-01
27268 0 +2.946045405e-01 +7.164460454e+01 +7.164460454e+01 -1.8443e+00 +9.2200e-01 -3.9934e-02 +1.3398e+00 -2.2748e+00 +2.6169e+00 -2.0807e+00 +3.7581e+00 +1.7840e+00 -3.9483e-01
27278 0 +2.822708572e-01 +7.163227086e+01 +7.163227086e+01 -1.8461e+00 +9.2061e-01 -3.9867e-02 +1.3397e+00 -2.2726e+00 +2.6160e+00 -2.0815e+00 +3.7595e+00 +1.7835e+00 -3.9567e-01
27286 0 +2.785964016e-01 +7.162859640e+01 +7.162859640e+01 -1.8453e+00 +9.2096e-01 -3.9919e-02 +1.3401e+00 -2.2753e+00 +2.6162e+00 -2.0807e+00 +3.7597e+00 +1.7843e+00 -3.9528e-01
27301 0 +2.656478273e-01 +7.161564783e+01 +7.161564783e+01 -1.8457e+00 +9.2078e-01 -3.9911e-02 +1.3394e+00 -2.2737e+00 +2.6158e+00 -2.0814e+00 +3.7594e+00 +1.7838e+00 -3.9538e-01
27302 0 +2.552883615e-01 +7.160528836e+01 +7.160528836e+01 -1.8460e+00 +9.2053e-01 -3.9914e-02 +1.3390e+00 -2.2736e+00 +2.6155e+00 -2.0817e+00 +3.7598e+00 +1.7837e+00 -3.9546e-01
27325 0 +2.437313666e-01 +7.159373137e+01 +7.159373137e+01 -1.8454e+00 +9.2062e-01 -3.9923e-02 +1.3391e+00 -2.2735e+00 +2.6156e+00 -2.0815e+00 +3.7600e+00 +1.7842e+00 -3.9557e-01
27417 0 +2.393691852e-01 +7.158936919e+01 +7.158936919e+01 -1.8455e+00 +9.2055e-01 -3.9925e-02 +1.3391e+00 -2.2735e+00 +2.6156e+00 -2.0816e+00 +3.7601e+00 +1.7842e+00 -3.9560e-01
40000 0 +2.352582132e-01 +7.158525821e+01 +7.158525821e+01 -1.8455e+00 +9.2052e-01 -3.9924e-02 +1.3391e+00 -2.2734e+00 +2.6156e+00 -2.0817e+00 +3.7601e+00 +1.7842e+00 -3.9559e-01
% f evaluations | g evaluations | best noise-free fitness - Fopt (-3.552200000000e+02) + sum g_i+ | measured fitness | best measured fitness or single-digit g-values | x1 | x2...
1 0 +8.608845323e+01 -2.691315468e+02 -2.691315468e+02 +2.7396e+00 -6.1122e-01 +3.5860e+00 +1.9737e+00 -4.0582e+00 +4.7562e+00 +2.6114e+00 +2.8606e+00 -3.7189e+00 -4.9614e-01
2 0 +6.256988770e+01 -2.926501123e+02 -2.926501123e+02 -1.2920e+00 +4.2676e+00 +1.4387e+00 +3.2276e+00 -5.6586e-01 -2.7276e+00 +5.4585e-01 -4.3618e+00 +3.2763e+00 +1.3166e+00
3 0 +3.755136725e+01 -3.176686328e+02 -3.176686328e+02 +2.5809e+00 -1.4547e+00 +4.7070e+00 +3.9312e+00 +2.7838e+00 -3.0536e+00 -3.3279e-01 -4.5620e+00 -3.4571e+00 +1.8305e+00
29 0 +2.321560693e+01 -3.320043931e+02 -3.320043931e+02 -4.5652e+00 -3.1850e+00 -2.6326e+00 -2.5061e+00 +7.1233e-01 -8.3738e-01 -4.5075e+00 -1.2639e+00 +2.3753e-01 -3.9833e+00
149 0 +2.185120437e+01 -3.333687956e+02 -3.333687956e+02 -7.8234e-01 -4.3317e+00 +9.2957e-01 -2.7203e+00 +1.3761e+00 -4.4917e+00 +4.8139e+00 -3.0995e-01 +3.9676e+00 -2.4439e-01
230 0 +2.185120437e+01 -3.333687956e+02 -3.333687956e+02 -7.8234e-01 -4.3317e+00 +9.2957e-01 -2.7203e+00 +1.3761e+00 -4.4917e+00 +4.8139e+00 -3.0995e-01 +3.9676e+00 -2.4439e-01
% f evaluations | g evaluations | best noise-free fitness - Fopt (9.917000000000e+01) + sum g_i+ | measured fitness | best measured fitness or single-digit g-values | x1 | x2...
1 0 +1.380653682e+02 +2.372353682e+02 +2.372353682e+02 +2.7396e+00 -6.1122e-01 +3.5860e+00 +1.9737e+00 -4.0582e+00 +4.7562e+00 +2.6114e+00 +2.8606e+00 -3.7189e+00 -4.9614e-01
3 0 +8.990501001e+01 +1.890750100e+02 +1.890750100e+02 +2.5809e+00 -1.4547e+00 +4.7070e+00 +3.9312e+00 +2.7838e+00 -3.0536e+00 -3.3279e-01 -4.5620e+00 -3.4571e+00 +1.8305e+00
5 0 +5.144531372e+01 +1.506153137e+02 +1.506153137e+02 -6.2848e-01 +3.3268e+00 +2.0027e+00 -1.8763e+00 +3.3226e+00 +3.0476e+00 -1.1252e+00 -2.1167e+00 +1.8250e+00 -3.6025e+00
16 0 +4.226631924e+01 +1.414363192e+02 +1.414363192e+02 +3.2629e+00 +3.9616e+00 -3.5975e+00 +5.4036e-01 -3.9142e+00 +1.7224e+00 -2.1877e+00 +1.5942e+00 +2.2699e+00 +2.6865e+00
17 0 +3.223583661e+01 +1.314058366e+02 +1.314058366e+02 -3.9226e+00 +4.1601e+00 -2.6979e+00 -4.6259e+00 +5.4852e-01 -1.2908e+00 +3.2979e+00 +3.0825e+00 -1.8286e+00 +4.5290e+00
21 0 +2.920131535e+01 +1.283713154e+02 +1.283713154e+02 +2.7740e+00 +4.7183e+00 +7.4119e-03 -3.5610e+00 -4.8606e+00 -2.7034e+00 -3.6818e+00 +1.7766e+00 -3.7817e+00 +6.3299e-02
137 0 +2.067808932e+01 +1.198480893e+02 +1.198480893e+02 +1.6833e+00 -1.2327e+00 +1.1871e+00 -4.5990e+00 -3.8273e-01 +2.2251e-01 -2.8567e+00 -3.6038e+00 -3.1153e+00 -1.5586e+00
427 0 +2.034948722e+01 +1.195194872e+02 +1.195194872e+02 +3.6028e+00 -1.7960e+00 +4.1094e+00 -4.4473e+00 -1.4263e+00 -2.3519e+00 +8.6736e-02 -2.9461e+00 +4.0931e+00 +4.2967e+00
847 0 +1.662818641e+01 +1.157981864e+02 +1.157981864e+02 -4.2717e-01 +1.6939e+00 -2.8261e+00 +3.8165e-01 -4.5610e+00 +3.5080e+00 -1.9205e+00 +8.8667e-01 -2.2002e+00 +4.2163e+00
1420 0 +1.228100702e+01 +1.114510070e+02 +1.114510070e+02 +3.3346e+00 +3.5558e+00 -1.2250e+00 -1.4957e+00 -1.6259e+00 +4.6318e-01 -1.6887e+00 +1.7279e+00 +2.9910e-01 -1.8793e-01
6116 0 +1.092383955e+01 +1.100938396e+02 +1.100938396e+02 -2.6349e+00 -1.8291e+00 +4.0689e+00 +1.2598e+00 -2.9070e+00 -2.6089e+00 +2.6142e+00 -7.0749e-01 +4.9265e+00 +3.0645e+00
6246 0 +1.066968631e+01 +1.098396863e+02 +1.098396863e+02 -2.6284e+00 -1.9733e+00 +3.9450e+00 +1.3080e+00 -2.9424e+00 -2.7434e+00 +2.3680e+00 -5.7025e-01 +4.8815e+00 +2.8385e+00
9200 0 +9.820915376e+00 +1.089909154e+02 +1.089909154e+02 -2.6365e+00 -1.8274e+00 +4.0678e+00 +1.2586e+00 -2.9062e+00 -2.6080e+00 +2.6144e+00 -7.0827e-01 +4.9261e+00 +3.1099e+00
9760 0 +8.580902923e+00 +1.077509029e+02 +1.077509029e+02 -2.6630e+00 -1.7591e+00 +4.0988e+00 +1.3175e+00 -2.8256e+00 -2.6908e+00 +2.6954e+00 -8.0749e-01 +4.9892e+00 +3.0958e+00
11796 0 +7.243447439e+00 +1.064134474e+02 +1.064134474e+02 +1.0806e+00 +4.1687e+00 -5.5503e-01 +3.0418e+00 +1.3278e+00 -3.6099e+00 +4.7230e+00 -5.2607e-01 -1.2451e+00 -1.7689e+00
12552 0 +6.386566555e+00 +1.055565666e+02 +1.055565666e+02 -1.5571e+00 +7.2321e-01 +2.5844e+00 +6.3739e-01 +4.3542e+00 +2.2518e+00 +2.3903e-01 +3.3155e-01 +1.6209e+00 -2.3447e+00
13297 0 +6.007246306e+00 +1.051772463e+02 +1.051772463e+02 -1.5571e+00 +7.2321e-01 +2.5471e+00 +6.3739e-01 +4.3542e+00 +2.2518e+00 +2.3903e-01 +3.3155e-01 +1.6209e+00 -2.3447e+00
13419 0 +4.330881332e+00 +1.035008813e+02 +1.035008813e+02 -1.5708e+00 +6.1157e-01 +2.5122e+00 +6.6590e-01 +4.3956e+00 +2.1953e+00 +2.1713e-01 +2.7736e-01 +1.6336e+00 -2.3335e+00
15820 0 +4.234173842e+00 +1.034041738e+02 +1.034041738e+02 -1.5874e+00 +3.2871e-01 +2.5916e+00 +5.1861e-01 +4.5315e+00 +2.2038e+00 +4.7827e-02 +3.9198e-01 +1.7324e+00 -2.3515e+00
15830 0 +3.919801670e+00 +1.030898017e+02 +1.030898017e+02 -1.5949e+00 +3.2324e-01 +2.5687e+00 +5.1650e-01 +4.5503e+00 +2.1913e+00 +4.8250e-02 +3.9373e-01 +1.7675e+00 -2.3718e+00
15847 0 +3.598036548e+00 +1.027680365e+02 +1.027680365e+02 -1.5754e+00 +3.2923e-01 +2.5781e+00 +5.1894e-01 +4.5337e+00 +2.1775e+00 +4.8348e-02 +3.9818e-01 +1.7511e+00 -2.3250e+00
15854 0 +3.392343140e+00 +1.025623431e+02 +1.025623431e+02 -1.5917e+00 +3.2747e-01 +2.5872e+00 +5.1126e-01 +4.5368e+00 +2.1888e+00 +4.8245e-02 +3.9521e-01 +1.7430e+00 -2.3676e+00
15915 0 +3.373148405e+00 +1.025431484e+02 +1.025431484e+02 -1.5878e+00 +3.2715e-01 +2.5855e+00 +5.1308e-01 +4.5355e+00 +2.1899e+00 +4.8218e-02 +3.9505e-01 +1.7443e+00 -2.3648e+00
15935 0 +3.301878447e+00 +1.024718784e+02 +1.024718784e+02 -1.5882e+00 +3.2715e-01 +2.5860e+00 +5.1287e-01 +4.5374e+00 +2.1904e+00 +4.8220e-02 +3.9516e-01 +1.7448e+00 -2.3629e+00
15967 0 +3.230976660e+00 +1.024009767e+02 +1.024009767e+02 -1.5894e+00 +3.2700e-01 +2.5866e+00 +5.1234e-01 +4.5380e+00 +2.1909e+00 +4.8203e-02 +3.9502e-01 +1.7445e+00 -2.3657e+00
16028 0 +3.155772269e+00 +1.023257723e+02 +1.023257723e+02 -1.5893e+00 +3.2698e-01 +2.5864e+00 +5.1237e-01 +4.5376e+00 +2.1911e+00 +4.8202e-02 +3.9503e-01 +1.7445e+00 -2.3664e+00
40000 0 +3.112267518e+00 +1.022822675e+02 +1.022822675e+02 -1.5894e+00 +3.2698e-01 +2.5863e+00 +5.1225e-01 +4.5374e+00 +2.1915e+00 +4.8206e-02 +3.9501e-01 +1.7445e+00 -2.3664e+00
% f evaluations | g evaluations | best noise-free fitness - Fopt (-5.179100000000e+02) + sum g_i+ | measured fitness | best measured fitness or single-digit g-values | x1 | x2...
1 0 +8.080716833e+01 -4.371028317e+02 -4.371028317e+02 +2.7396e+00 -6.1122e-01 +3.5860e+00 +1.9737e+00 -4.0582e+00 +4.7562e+00 +2.6114e+00 +2.8606e+00 -3.7189e+00 -4.9614e-01
8 0 +6.171739098e+01 -4.561926090e+02 -4.561926090e+02 -2.8542e+00 -9.1471e-01 +3.5340e+00 -2.6606e+00 -4.4170e+00 -2.1862e+00 -2.0641e+00 +1.6192e+00 +5.7032e-01 +2.8390e+00
13 0 +5.654105061e+01 -4.613689494e+02 -4.613689494e+02 +8.4098e-01 +1.4985e+00 -4.1556e+00 -8.4193e-01 -4.5839e+00 -6.0092e-02 -1.7014e+00 -3.5548e+00 -3.9660e+00 +8.7645e-01
19 0 +3.958295344e+01 -4.783270466e+02 -4.783270466e+02 +3.9079e+00 +3.9345e+00 +1.8858e-01 -1.8407e+00 +2.7201e+00 +1.6166e+00 -1.2634e+00 -4.0553e+00 +2.4679e+00 -2.3754e+00
26 0 +3.847763505e+01 -4.794323650e+02 -4.794323650e+02 +1.5193e+00 +3.6749e+00 -4.6103e-01 -2.5216e+00 -2.6334e+00 +2.4601e+00 +3.1657e+00 -3.9472e+00 -4.3344e+00 +9.4434e-01
37 0 +3.021389766e+01 -4.876961023e+02 -4.876961023e+02 +4.3124e+00 -3.8027e+00 -3.8290e+00 -4.1229e+00 +1.5786e+00 -8.1392e-01 +2.7432e+00 +1.7123e+00 -1.6636e+00 +3.9837e+00
50 0 +2.453720064e+01 -4.933727994e+02 -4.933727994e+02 +2.0200e+00 +1.4795e+00 +1.5243e+00 -1.8379e+00 +2.8743e+00 +4.9144e-01 -6.8582e-01 +1.2601e+00 -1.3934e+00 +1.2739e-01
74 0 +2.165960596e+01 -4.962503940e+02 -4.962503940e+02 -1.8743e+00 -4.4904e+00 -3.8840e+00 -1.1550e+00 -4.3947e+00 +1.9819e+00 -2.9298e+00 -1.9793e+00 -1.0587e+00 -8.3390e-01
172 0 +2.119013724e+01 -4.967198628e+02 -4.967198628e+02 +2.8779e+00 -1.1722e+00 +4.7998e+00 +3.8353e+00 -1.9868e+00 +2.7019e+00 -1.6314e+00 +1.0636e+00 +1.5848e+00 +3.2960e+00
193 0 +2.084350593e+01 -4.970664941e+02 -4.970664941e+02 +3.9079e+00 +3.9345e+00 -1.6906e+00 -1.4086e+00 +2.7201e+00 +1.6166e+00 -1.2634e+00 -4.0553e+00 +2.4679e+00 -2.3754e+00
230 0 +2.084350593e+01 -4.970664941e+02 -4.970664941e+02 +3.9079e+00 +3.9345e+00 -1.6906e+00 -1.4086e+00 +2.7201e+00 +1.6166e+00 -1.2634e+00 -4.0553e+00 +2.4679e+00 -2.3754e+00
% f evaluations | g evaluations | best noise-free fitness - Fopt (-5.721000000000e+01) + sum g_i+ | measured fitness | best measured fitness or single-digit g-values | x1 | x2...
1 0 +5.638494349e+01 -8.250565119e-01 -8.250565119e-01 +2.7396e+00 -6.1122e-01 +3.5860e+00 +1.9737e+00 -4.0582e+00 +4.7562e+00 +2.6114e+00 +2.8606e+00 -3.7189e+00 -4.9614e-01
5 0 +3.236419302e+01 -2.484580698e+01 -2.484580698e+01 -6.2848e-01 +3.3268e+00 +2.0027e+00 -1.8763e+00 +3.3226e+00 +3.0476e+00 -1.1252e+00 -2.1167e+00 +1.8250e+00 -3.6025e+00
90 0 +3.193545523e+01 -2.527454477e+01 -2.527454477e+01 -1.6052e+00 +4.5490e+00 -2.5640e+00 -4.0108e+00 +2.5350e+00 +3.8104e+00 -2.2189e+00 -2.9791e+00 -3.1423e+00 +2.2012e-01
105 0 +2.193175781e+01 -3.527824219e+01 -3.527824219e+01 -4.0828e+00 +1.6749e+00 +1.5552e+00 +1.6291e+00 -4.8023e+00 -1.7345e+00 -3.0219e+00 +2.7815e+00 +3.6063e+00 -2.5332e+00
219 0 +2.086901919e+01 -3.634098081e+01 -3.634098081e+01 -1.8859e+00 -2.9199e+00 +3.4601e-01 +4.9354e+00 +4.5871e+00 -6.1624e-01 +2.0580e+00 -1.9824e+00 +1.6542e+00 -2.2713e+00
230 0 +2.086901919e+01 -3.634098081e+01 -3.634098081e+01 -1.8859e+00 -2.9199e+00 +3.4601e-01 +4.9354e+00 +4.5871e+00 -6.1624e-01 +2.0580e+00 -1.9824e+00 +1.6542e+00 -2.2713e+00
% f evaluations | g evaluations | best noise-free fitness - Fopt (7.135000000000e+01) + sum g_i+ | measured fitness | best measured fitness or single-digit g-values | x1 | x2...
1 0 +6.547766711e+01 +1.368276671e+02 +1.368276671e+02 +2.7396e+00 -6.1122e-01 +3.5860e+00 +1.9737e+00 -4.0582e+00 +4.7562e+00 +2.6114e+00 +2.8606e+00 -3.7189e+00 -4.9614e-01
4 0 +2.990276077e+01 +1.012527608e+02 +1.012527608e+02 +2.4476e+00 +4.6751e+00 -1.7417e+00 -1.2954e+00 -3.0444e-01 -3.1053e+00 -3.7008e+00 -2.4295e-01 -2.7309e+00 +1.6981e+00
47 0 +2.877880293e+01 +1.001288029e+02 +1.001288029e+02 +7.2413e-01 -3.5487e+00 +4.4602e+00 -1.9866e+00 +7.8017e-01 +1.9978e+00 +1.4923e+00 +4.4059e+00 -3.5156e+00 +8.3527e-02
53 0 +2.130577223e+01 +9.265577223e+01 +9.265577223e+01 +3.5655e+00 -1.2774e+00 -3.4639e+00 +1.0084e+00 -3.8033e+00 -1.3508e+00 +4.5843e+00 +4.9546e+00 +2.7210e+00 -1.8904e+00
717 0 +1.817795718e+01 +8.952795718e+01 +8.952795718e+01 +4.6071e+00 -1.7188e-01 +2.7305e+00 +2.6500e+00 +1.3472e+00 +4.6806e+00 +3.5190e+00 -3.0825e+00 -2.6408e+00 +4.0337e+00
2624 0 +1.673862656e+01 +8.808862656e+01 +8.808862656e+01 +5.5784e-01 -4.9259e+00 +1.6064e-01 -4.7051e+00 -1.5329e+00 +3.6067e+00 -2.5984e-01 -7.5305e-02 -1.3719e-01 -2.5921e+00
2729 0 +1.514586570e+01 +8.649586570e+01 +8.649586570e+01 +4.8594e+00 +2.6551e-01 -3.4742e+00 +2.0686e+00 +4.5571e+00 +3.6561e-01 -2.0245e+00 -7.5223e-01 -4.9136e+00 +1.7226e+00
3827 0 +1.443952804e+01 +8.578952804e+01 +8.578952804e+01 -3.3997e+00 -3.4598e+00 +1.0600e+00 +5.7884e-01 +3.3424e+00 -2.8434e+00 +9.9234e-01 +2.4949e+00 -2.4896e+00 +8.3730e-01
5160 0 +1.260373671e+01 +8.395373671e+01 +8.395373671e+01 +2.1156e+00 -3.4955e+00 +2.1376e+00 -3.6179e+00 +4.1882e+00 -4.9074e+00 -1.1410e+00 +6.5839e-01 -3.8937e+00 +1.2015e+00
5575 0 +1.090961715e+01 +8.225961715e+01 +8.225961715e+01 +2.1234e+00 -3.6224e+00 +2.2736e+00 -3.2622e+00 +4.4983e+00 -4.9340e+00 -8.4549e-01 +4.6290e-01 -4.0894e+00 +1.5838e+00
8441 0 +9.088382501e+00 +8.043838250e+01 +8.043838250e+01 -1.6044e+00 -2.9249e+00 -4.5056e+00 -3.7602e+00 +3.3162e-01 -2.9070e+00 -3.6817e+00 -1.5203e-01 +1.3759e+00 +1.7356e+00
9409 0 +7.617945445e+00 +7.896794545e+01 +7.896794545e+01 +4.9223e-01 -1.9048e+00 -3.2288e+00 -7.9953e-02 +2.9446e-01 -2.2952e+00 +7.0471e-01 +2.0636e+00 -3.7209e+00 +2.7554e+00
13253 0 +3.843554422e+00 +7.519355442e+01 +7.519355442e+01 +3.7830e+00 +6.7706e-01 +1.3715e+00 +1.0191e+00 -1.0129e+00 -3.6937e+00 +4.0446e+00 -1.7361e+00 -2.7377e-01 +1.8641e+00
15952 0 +3.785832517e+00 +7.513583252e+01 +7.513583252e+01 +3.5801e+00 +6.6271e-01 +1.3746e+00 +8.3678e-01 -1.1389e+00 -3.6685e+00 +4.2039e+00 -1.7038e+00 -2.4046e-01 +1.8447e+00
16028 0 +3.714503033e+00 +7.506450303e+01 +7.506450303e+01 +3.5801e+00 +6.6293e-01 +1.3746e+00 +8.3663e-01 -1.1388e+00 -3.6686e+00 +4.2038e+00 -1.7038e+00 -2.4042e-01 +1.8449e+00
17583 0 +2.923179141e+00 +7.427317914e+01 +7.427317914e+01 -1.6350e+00 -2.9445e+00 -4.8073e+00 -3.7793e+00 +3.9003e-01 -2.9374e+00 -3.5616e+00 -2.0413e-01 +1.3504e+00 +1.7160e+00
18608 0 +2.811864802e+00 +7.416186480e+01 +7.416186480e+01 -1.6350e+00 -2.9445e+00 -4.8073e+00 -3.7793e+00 +3.9003e-01 -2.9329e+00 -3.5616e+00 -2.0413e-01 +1.3504e+00 +1.7160e+00
20348 0 +2.182193758e+00 +7.353219376e+01 +7.353219376e+01 -1.9250e+00 +9.7843e-01 -9.9796e-02 +1.3797e+00 -2.1914e+00 +2.6623e+00 -2.1185e+00 +3.8508e+00 +1.7592e+00 -3.0066e-01
20437 0 +1.796965416e+00 +7.314696542e+01 +7.314696542e+01 -1.9333e+00 +9.6685e-01 -1.0226e-01 +1.3807e+00 -2.1930e+00 +2.6525e+00 -2.1261e+00 +3.8320e+00 +1.7595e+00 -3.0689e-01
22324 0 +1.317076859e+00 +7.266707686e+01 +7.266707686e+01 -1.8678e+00 +9.8271e-01 -1.0857e-01 +1.3331e+00 -2.2001e+00 +2.6785e+00 -2.1624e+00 +3.8718e+00 +1.7767e+00 -3.5301e-01
22345 0 +1.166216474e+00 +7.251621647e+01 +7.251621647e+01 -1.8852e+00 +9.8611e-01 -1.0910e-01 +1.3160e+00 -2.1945e+00 +2.6458e+00 -2.1782e+00 +3.8665e+00 +1.7676e+00 -3.5630e-01
22347 0 +8.307619184e-01 +7.218076192e+01 +7.218076192e+01 -1.8793e+00 +9.7218e-01 -1.0955e-01 +1.3159e+00 -2.2016e+00 +2.6333e+00 -2.1805e+00 +3.8876e+00 +1.7662e+00 -3.5810e-01
22373 0 +7.766513378e-01 +7.212665134e+01 +7.212665134e+01 -1.8371e+00 +9.7053e-01 -1.1174e-01 +1.3070e+00 -2.2092e+00 +2.6256e+00 -2.1671e+00 +3.8800e+00 +1.7756e+00 -3.5905e-01
22375 0 +6.857748614e-01 +7.203577486e+01 +7.203577486e+01 -1.8615e+00 +9.7632e-01 -1.1113e-01 +1.3036e+00 -2.2098e+00 +2.6373e+00 -2.1682e+00 +3.8872e+00 +1.7769e+00 -3.5588e-01
22391 0 +6.196180656e-01 +7.196961807e+01 +7.196961807e+01 -1.8584e+00 +9.7642e-01 -1.1089e-01 +1.3090e+00 -2.2022e+00 +2.6409e+00 -2.1720e+00 +3.8826e+00 +1.7774e+00 -3.5518e-01
22395 0 +5.978395983e-01 +7.194783960e+01 +7.194783960e+01 -1.8555e+00 +9.7617e-01 -1.1030e-01 +1.3124e+00 -2.1989e+00 +2.6444e+00 -2.1737e+00 +3.8817e+00 +1.7747e+00 -3.5511e-01
22408 0 +5.731342294e-01 +7.192313423e+01 +7.192313423e+01 -1.8613e+00 +9.7734e-01 -1.1044e-01 +1.3110e+00 -2.1983e+00 +2.6462e+00 -2.1720e+00 +3.8790e+00 +1.7746e+00 -3.5578e-01
22438 0 +5.609045946e-01 +7.191090459e+01 +7.191090459e+01 -1.8587e+00 +9.7624e-01 -1.1061e-01 +1.3115e+00 -2.2000e+00 +2.6456e+00 -2.1719e+00 +3.8792e+00 +1.7764e+00 -3.5520e-01
22544 0 +5.488917196e-01 +7.189889172e+01 +7.189889172e+01 -1.8581e+00 +9.7623e-01 -1.1060e-01 +1.3118e+00 -2.2001e+00 +2.6456e+00 -2.1719e+00 +3.8793e+00 +1.7767e+00 -3.5528e-01
25007 0 +5.260090039e-01 +7.187600900e+01 +7.187600900e+01 -1.8823e+00 +8.9924e-01 -8.7404e-02 +1.2932e+00 -2.2089e+00 +2.6314e+00 -2.0180e+00 +3.9067e+00 +1.7118e+00 -3.8605e-01
25023 0 +5.158832209e-01 +7.186588322e+01 +7.186588322e+01 -1.8822e+00 +8.9944e-01 -8.7398e-02 +1.2926e+00 -2.2097e+00 +2.6316e+00 -2.0181e+00 +3.9065e+00 +1.7118e+00 -3.8601e-01
25045 0 +5.085538659e-01 +7.185855387e+01 +7.185855387e+01 -1.8822e+00 +8.9941e-01 -8.7405e-02 +1.2928e+00 -2.2095e+00 +2.6311e+00 -2.0182e+00 +3.9070e+00 +1.7118e+00 -3.8599e-01
25069 0 +4.990662678e-01 +7.184906627e+01 +7.184906627e+01 -1.8821e+00 +8.9948e-01 -8.7405e-02 +1.2928e+00 -2.2096e+00 +2.6313e+00 -2.0182e+00 +3.9072e+00 +1.7118e+00 -3.8594e-01
27182 0 +4.409072843e-01 +7.179090728e+01 +7.179090728e+01 -1.8492e+00 +9.2116e-01 -4.0591e-02 +1.3316e+00 -2.2922e+00 +2.6083e+00 -2.0606e+00 +3.7469e+00 +1.7850e+00 -3.9265e-01
27197 0 +4.297919901e-01 +7.177979199e+01 +7.177979199e+01 -1.8506e+00 +9.2234e-01 -3.9694e-02 +1.3359e+00 -2.2672e+00 +2.6100e+00 -2.0707e+00 +3.7493e+00 +1.7835e+00 -3.9549e-01
27219 0 +3.533694988e-01 +7.170336950e+01 +7.170336950e+01 -1.8462e+00 +9.2230e-01 -4.0021e-02 +1.3401e+00 -2.2815e+00 +2.6150e+00 -2.0755e+00 +3.7587e+00 +1.7869e+00 -3.9383e-01
27236 0 +3.177224272e-01 +7.166772243e+01 +7.166772243e+01 -1.8441e+00 +9.2055e-01 -4.0175e-02 +1.3375e+00 -2.2751e+00 +2.6167e+00 -2.0801e+00 +3.7569e+00 +1.7851e+00 -3.9492e-01
27257 0 +3.086946787e-01 +7.165869468e+01 +7.165869468e+01 -1.8430e+00 +9.2204e-01 -3.9881e-02 +1.3413e+00 -2.2756e+00 +2.6172e+00 -2.0817e+00 +3.7573e+00 +1.7845e+00 -3.9526e-01
27267 0 +3.019786597e-01 +7.165197866e+01 +7.165197866e+01 -1.8449e+00 +9.2157e-01 -3.9936e-02 +1.3405e+00 -2.2747e+00 +2.6172e+00 -2.0806e+00 +3.7584e+00 +1.7836e+00 -3.9424e-01
27268 0 +2.946045405e-01 +7.164460454e+01 +7.164460454e+01 -1.8443e+00 +9.2200e-01 -3.9934e-02 +1.3398e+00 -2.2748e+00 +2.6169e+00 -2.0807e+00 +3.7581e+00 +1.7840e+00 -3.9483e-01
27278 0 +2.822708572e-01 +7.163227086e+01 +7.163227086e+01 -1.8461e+00 +9.2061e-01 -3.9867e-02 +1.3397e+00 -2.2726e+00 +2.6160e+00 -2.0815e+00 +3.7595e+00 +1.7835e+00 -3.9567e-01
27286 0 +2.785964016e-01 +7.162859640e+01 +7.162859640e+01 -1.8453e+00 +9.2096e-01 -3.9919e-02 +1.3401e+00 -2.2753e+00 +2.6162e+00 -2.0807e+00 +3.7597e+00 +1.7843e+00 -3.9528e-01
27301 0 +2.656478273e-01 +7.161564783e+01 +7.161564783e+01 -1.8457e+00 +9.2078e-01 -3.9911e-02 +1.3394e+00 -2.2737e+00 +2.6158e+00 -2.0814e+00 +3.7594e+00 +1.7838e+00 -3.9538e-01
27302 0 +2.552883615e-01 +7.160528836e+01 +7.160528836e+01 -1.8460e+00 +9.2053e-01 -3.9914e-02 +1.3390e+00 -2.2736e+00 +2.6155e+00 -2.0817e+00 +3.7598e+00 +1.7837e+00 -3.9546e-01
27325 0 +2.437313666e-01 +7.159373137e+01 +7.159373137e+01 -1.8454e+00 +9.2062e-01 -3.9923e-02 +1.3391e+00 -2.2735e+00 +2.6156e+00 -2.0815e+00 +3.7600e+00 +1.7842e+00 -3.9557e-01
27417 0 +2.393691852e-01 +7.158936919e+01 +7.158936919e+01 -1.8455e+00 +9.2055e-01 -3.9925e-02 +1.3391e+00 -2.2735e+00 +2.6156e+00 -2.0816e+00 +3.7601e+00 +1.7842e+00 -3.9560e-01
40000 0 +2.352582132e-01 +7.158525821e+01 +7.158525821e+01 -1.8455e+00 +9.2052e-01 -3.9924e-02 +1.3391e+00 -2.2734e+00 +2.6156e+00 -2.0817e+00 +3.7601e+00 +1.7842e+00 -3.9559e-01
% f evaluations | g evaluations | best noise-free fitness - Fopt (-3.552200000000e+02) + sum g_i+ | measured fitness | best measured fitness or single-digit g-values | x1 | x2...
1 0 +8.608845323e+01 -2.691315468e+02 -2.691315468e+02 +2.7396e+00 -6.1122e-01 +3.5860e+00 +1.9737e+00 -4.0582e+00 +4.7562e+00 +2.6114e+00 +2.8606e+00 -3.7189e+00 -4.9614e-01
2 0 +6.256988770e+01 -2.926501123e+02 -2.926501123e+02 -1.2920e+00 +4.2676e+00 +1.4387e+00 +3.2276e+00 -5.6586e-01 -2.7276e+00 +5.4585e-01 -4.3618e+00 +3.2763e+00 +1.3166e+00
3 0 +3.755136725e+01 -3.176686328e+02 -3.176686328e+02 +2.5809e+00 -1.4547e+00 +4.7070e+00 +3.9312e+00 +2.7838e+00 -3.0536e+00 -3.3279e-01 -4.5620e+00 -3.4571e+00 +1.8305e+00
29 0 +2.321560693e+01 -3.320043931e+02 -3.320043931e+02 -4.5652e+00 -3.1850e+00 -2.6326e+00 -2.5061e+00 +7.1233e-01 -8.3738e-01 -4.5075e+00 -1.2639e+00 +2.3753e-01 -3.9833e+00
149 0 +2.185120437e+01 -3.333687956e+02 -3.333687956e+02 -7.8234e-01 -4.3317e+00 +9.2957e-01 -2.7203e+00 +1.3761e+00 -4.4917e+00 +4.8139e+00 -3.0995e-01 +3.9676e+00 -2.4439e-01
230 0 +2.185120437e+01 -3.333687956e+02 -3.333687956e+02 -7.8234e-01 -4.3317e+00 +9.2957e-01 -2.7203e+00 +1.3761e+00 -4.4917e+00 +4.8139e+00 -3.0995e-01 +3.9676e+00 -2.4439e-01
% f evaluations | g evaluations | best noise-free fitness - Fopt (9.917000000000e+01) + sum g_i+ | measured fitness | best measured fitness or single-digit g-values | x1 | x2...
1 0 +1.380653682e+02 +2.372353682e+02 +2.372353682e+02 +2.7396e+00 -6.1122e-01 +3.5860e+00 +1.9737e+00 -4.0582e+00 +4.7562e+00 +2.6114e+00 +2.8606e+00 -3.7189e+00 -4.9614e-01
3 0 +8.990501001e+01 +1.890750100e+02 +1.890750100e+02 +2.5809e+00 -1.4547e+00 +4.7070e+00 +3.9312e+00 +2.7838e+00 -3.0536e+00 -3.3279e-01 -4.5620e+00 -3.4571e+00 +1.8305e+00
5 0 +5.144531372e+01 +1.506153137e+02 +1.506153137e+02 -6.2848e-01 +3.3268e+00 +2.0027e+00 -1.8763e+00 +3.3226e+00 +3.0476e+00 -1.1252e+00 -2.1167e+00 +1.8250e+00 -3.6025e+00
16 0 +4.226631924e+01 +1.414363192e+02 +1.414363192e+02 +3.2629e+00 +3.9616e+00 -3.5975e+00 +5.4036e-01 -3.9142e+00 +1.7224e+00 -2.1877e+00 +1.5942e+00 +2.2699e+00 +2.6865e+00
17 0 +3.223583661e+01 +1.314058366e+02 +1.314058366e+02 -3.9226e+00 +4.1601e+00 -2.6979e+00 -4.6259e+00 +5.4852e-01 -1.2908e+00 +3.2979e+00 +3.0825e+00 -1.8286e+00 +4.5290e+00
21 0 +2.920131535e+01 +1.283713154e+02 +1.283713154e+02 +2.7740e+00 +4.7183e+00 +7.4119e-03 -3.5610e+00 -4.8606e+00 -2.7034e+00 -3.6818e+00 +1.7766e+00 -3.7817e+00 +6.3299e-02
137 0 +2.067808932e+01 +1.198480893e+02 +1.198480893e+02 +1.6833e+00 -1.2327e+00 +1.1871e+00 -4.5990e+00 -3.8273e-01 +2.2251e-01 -2.8567e+00 -3.6038e+00 -3.1153e+00 -1.5586e+00
427 0 +2.034948722e+01 +1.195194872e+02 +1.195194872e+02 +3.6028e+00 -1.7960e+00 +4.1094e+00 -4.4473e+00 -1.4263e+00 -2.3519e+00 +8.6736e-02 -2.9461e+00 +4.0931e+00 +4.2967e+00
847 0 +1.662818641e+01 +1.157981864e+02 +1.157981864e+02 -4.2717e-01 +1.6939e+00 -2.8261e+00 +3.8165e-01 -4.5610e+00 +3.5080e+00 -1.9205e+00 +8.8667e-01 -2.2002e+00 +4.2163e+00
1420 0 +1.228100702e+01 +1.114510070e+02 +1.114510070e+02 +3.3346e+00 +3.5558e+00 -1.2250e+00 -1.4957e+00 -1.6259e+00 +4.6318e-01 -1.6887e+00 +1.7279e+00 +2.9910e-01 -1.8793e-01
6116 0 +1.092383955e+01 +1.100938396e+02 +1.100938396e+02 -2.6349e+00 -1.8291e+00 +4.0689e+00 +1.2598e+00 -2.9070e+00 -2.6089e+00 +2.6142e+00 -7.0749e-01 +4.9265e+00 +3.0645e+00
6246 0 +1.066968631e+01 +1.098396863e+02 +1.098396863e+02 -2.6284e+00 -1.9733e+00 +3.9450e+00 +1.3080e+00 -2.9424e+00 -2.7434e+00 +2.3680e+00 -5.7025e-01 +4.8815e+00 +2.8385e+00
9200 0 +9.820915376e+00 +1.089909154e+02 +1.089909154e+02 -2.6365e+00 -1.8274e+00 +4.0678e+00 +1.2586e+00 -2.9062e+00 -2.6080e+00 +2.6144e+00 -7.0827e-01 +4.9261e+00 +3.1099e+00
9760 0 +8.580902923e+00 +1.077509029e+02 +1.077509029e+02 -2.6630e+00 -1.7591e+00 +4.0988e+00 +1.3175e+00 -2.8256e+00 -2.6908e+00 +2.6954e+00 -8.0749e-01 +4.9892e+00 +3.0958e+00
11796 0 +7.243447439e+00 +1.064134474e+02 +1.064134474e+02 +1.0806e+00 +4.1687e+00 -5.5503e-01 +3.0418e+00 +1.3278e+00 -3.6099e+00 +4.7230e+00 -5.2607e-01 -1.2451e+00 -1.7689e+00
12552 0 +6.386566555e+00 +1.055565666e+02 +1.055565666e+02 -1.5571e+00 +7.2321e-01 +2.5844e+00 +6.3739e-01 +4.3542e+00 +2.2518e+00 +2.3903e-01 +3.3155e-01 +1.6209e+00 -2.3447e+00
13297 0 +6.007246306e+00 +1.051772463e+02 +1.051772463e+02 -1.5571e+00 +7.2321e-01 +2.5471e+00 +6.3739e-01 +4.3542e+00 +2.2518e+00 +2.3903e-01 +3.3155e-01 +1.6209e+00 -2.3447e+00
13419 0 +4.330881332e+00 +1.035008813e+02 +1.035008813e+02 -1.5708e+00 +6.1157e-01 +2.5122e+00 +6.6590e-01 +4.3956e+00 +2.1953e+00 +2.1713e-01 +2.7736e-01 +1.6336e+00 -2.3335e+00
15820 0 +4.234173842e+00 +1.034041738e+02 +1.034041738e+02 -1.5874e+00 +3.2871e-01 +2.5916e+00 +5.1861e-01 +4.5315e+00 +2.2038e+00 +4.7827e-02 +3.9198e-01 +1.7324e+00 -2.3515e+00
15830 0 +3.919801670e+00 +1.030898017e+02 +1.030898017e+02 -1.5949e+00 +3.2324e-01 +2.5687e+00 +5.1650e-01 +4.5503e+00 +2.1913e+00 +4.8250e-02 +3.9373e-01 +1.7675e+00 -2.3718e+00
15847 0 +3.598036548e+00 +1.027680365e+02 +1.027680365e+02 -1.5754e+00 +3.2923e-01 +2.5781e+00 +5.1894e-01 +4.5337e+00 +2.1775e+00 +4.8348e-02 +3.9818e-01 +1.7511e+00 -2.3250e+00
15854 0 +3.392343140e+00 +1.025623431e+02 +1.025623431e+02 -1.5917e+00 +3.2747e-01 +2.5872e+00 +5.1126e-01 +4.5368e+00 +2.1888e+00 +4.8245e-02 +3.9521e-01 +1.7430e+00 -2.3676e+00
15915 0 +3.373148405e+00 +1.025431484e+02 +1.025431484e+02 -1.5878e+00 +3.2715e-01 +2.5855e+00 +5.1308e-01 +4.5355e+00 +2.1899e+00 +4.8218e-02 +3.9505e-01 +1.7443e+00 -2.3648e+00
15935 0 +3.301878447e+00 +1.024718784e+02 +1.024718784e+02 -1.5882e+00 +3.2715e-01 +2.5860e+00 +5.1287e-01 +4.5374e+00 +2.1904e+00 +4.8220e-02 +3.9516e-01 +1.7448e+00 -2.3629e+00
15967 0 +3.230976660e+00 +1.024009767e+02 +1.024009767e+02 -1.5894e+00 +3.2700e-01 +2.5866e+00 +5.1234e-01 +4.5380e+00 +2.1909e+00 +4.8203e-02 +3.9502e-01 +1.7445e+00 -2.3657e+00
16028 0 +3.155772269e+00 +1.023257723e+02 +1.023257723e+02 -1.5893e+00 +3.2698e-01 +2.5864e+00 +5.1237e-01 +4.5376e+00 +2.1911e+00 +4.8202e-02 +3.9503e-01 +1.7445e+00 -2.3664e+00
40000 0 +3.112267518e+00 +1.022822675e+02 +1.022822675e+02 -1.5894e+00 +3.2698e-01 +2.5863e+00 +5.1225e-01 +4.5374e+00 +2.1915e+00 +4.8206e-02 +3.9501e-01 +1.7445e+00 -2.3664e+00
% f evaluations | g evaluations | best noise-free fitness - Fopt (-5.179100000000e+02) + sum g_i+ | measured fitness | best measured fitness or single-digit g-values | x1 | x2...
1 0 +8.080716833e+01 -4.371028317e+02 -4.371028317e+02 +2.7396e+00 -6.1122e-01 +3.5860e+00 +1.9737e+00 -4.0582e+00 +4.7562e+00 +2.6114e+00 +2.8606e+00 -3.7189e+00 -4.9614e-01
8 0 +6.171739098e+01 -4.561926090e+02 -4.561926090e+02 -2.8542e+00 -9.1471e-01 +3.5340e+00 -2.6606e+00 -4.4170e+00 -2.1862e+00 -2.0641e+00 +1.6192e+00 +5.7032e-01 +2.8390e+00
13 0 +5.654105061e+01 -4.613689494e+02 -4.613689494e+02 +8.4098e-01 +1.4985e+00 -4.1556e+00 -8.4193e-01 -4.5839e+00 -6.0092e-02 -1.7014e+00 -3.5548e+00 -3.9660e+00 +8.7645e-01
19 0 +3.958295344e+01 -4.783270466e+02 -4.783270466e+02 +3.9079e+00 +3.9345e+00 +1.8858e-01 -1.8407e+00 +2.7201e+00 +1.6166e+00 -1.2634e+00 -4.0553e+00 +2.4679e+00 -2.3754e+00
26 0 +3.847763505e+01 -4.794323650e+02 -4.794323650e+02 +1.5193e+00 +3.6749e+00 -4.6103e-01 -2.5216e+00 -2.6334e+00 +2.4601e+00 +3.1657e+00 -3.9472e+00 -4.3344e+00 +9.4434e-01
37 0 +3.021389766e+01 -4.876961023e+02 -4.876961023e+02 +4.3124e+00 -3.8027e+00 -3.8290e+00 -4.1229e+00 +1.5786e+00 -8.1392e-01 +2.7432e+00 +1.7123e+00 -1.6636e+00 +3.9837e+00
50 0 +2.453720064e+01 -4.933727994e+02 -4.933727994e+02 +2.0200e+00 +1.4795e+00 +1.5243e+00 -1.8379e+00 +2.8743e+00 +4.9144e-01 -6.8582e-01 +1.2601e+00 -1.3934e+00 +1.2739e-01
74 0 +2.165960596e+01 -4.962503940e+02 -4.962503940e+02 -1.8743e+00 -4.4904e+00 -3.8840e+00 -1.1550e+00 -4.3947e+00 +1.9819e+00 -2.9298e+00 -1.9793e+00 -1.0587e+00 -8.3390e-01
172 0 +2.119013724e+01 -4.967198628e+02 -4.967198628e+02 +2.8779e+00 -1.1722e+00 +4.7998e+00 +3.8353e+00 -1.9868e+00 +2.7019e+00 -1.6314e+00 +1.0636e+00 +1.5848e+00 +3.2960e+00
193 0 +2.084350593e+01 -4.970664941e+02 -4.970664941e+02 +3.9079e+00 +3.9345e+00 -1.6906e+00 -1.4086e+00 +2.7201e+00 +1.6166e+00 -1.2634e+00 -4.0553e+00 +2.4679e+00 -2.3754e+00
230 0 +2.084350593e+01 -4.970664941e+02 -4.970664941e+02 +3.9079e+00 +3.9345e+00 -1.6906e+00 -1.4086e+00 +2.7201e+00 +1.6166e+00 -1.2634e+00 -4.0553e+00 +2.4679e+00 -2.3754e+00
% f evaluations | g evaluations | best noise-free fitness - Fopt (-5.721000000000e+01) + sum g_i+ | measured fitness | best measured fitness or single-digit g-values | x1 | x2...
1 0 +5.638494349e+01 -8.250565119e-01 -8.250565119e-01 +2.7396e+00 -6.1122e-01 +3.5860e+00 +1.9737e+00 -4.0582e+00 +4.7562e+00 +2.6114e+00 +2.8606e+00 -3.7189e+00 -4.9614e-01
5 0 +3.236419302e+01 -2.484580698e+01 -2.484580698e+01 -6.2848e-01 +3.3268e+00 +2.0027e+00 -1.8763e+00 +3.3226e+00 +3.0476e+00 -1.1252e+00 -2.1167e+00 +1.8250e+00 -3.6025e+00
90 0 +3.193545523e+01 -2.527454477e+01 -2.527454477e+01 -1.6052e+00 +4.5490e+00 -2.5640e+00 -4.0108e+00 +2.5350e+00 +3.8104e+00 -2.2189e+00 -2.9791e+00 -3.1423e+00 +2.2012e-01
105 0 +2.193175781e+01 -3.527824219e+01 -3.527824219e+01 -4.0828e+00 +1.6749e+00 +1.5552e+00 +1.6291e+00 -4.8023e+00 -1.7345e+00 -3.0219e+00 +2.7815e+00 +3.6063e+00 -2.5332e+00
219 0 +2.086901919e+01 -3.634098081e+01 -3.634098081e+01 -1.8859e+00 -2.9199e+00 +3.4601e-01 +4.9354e+00 +4.5871e+00 -6.1624e-01 +2.0580e+00 -1.9824e+00 +1.6542e+00 -2.2713e+00
230 0 +2.086901919e+01 -3.634098081e+01 -3.634098081e+01 -1.8859e+00 -2.9199e+00 +3.4601e-01 +4.9354e+00 +4.5871e+00 -6.1624e-01 +2.0580e+00 -1.9824e+00 +1.6542e+00 -2.2713e+00
% f evaluations | g evaluations | best noise-free fitness - Fopt (7.135000000000e+01) + sum g_i+ | measured fitness | best measured fitness or single-digit g-values | x1 | x2...
1 0 +6.547766711e+01 +1.368276671e+02 +1.368276671e+02 +2.7396e+00 -6.1122e-01 +3.5860e+00 +1.9737e+00 -4.0582e+00 +4.7562e+00 +2.6114e+00 +2.8606e+00 -3.7189e+00 -4.9614e-01
4 0 +2.990276077e+01 +1.012527608e+02 +1.012527608e+02 +2.4476e+00 +4.6751e+00 -1.7417e+00 -1.2954e+00 -3.0444e-01 -3.1053e+00 -3.7008e+00 -2.4295e-01 -2.7309e+00 +1.6981e+00
47 0 +2.877880293e+01 +1.001288029e+02 +1.001288029e+02 +7.2413e-01 -3.5487e+00 +4.4602e+00 -1.9866e+00 +7.8017e-01 +1.9978e+00 +1.4923e+00 +4.4059e+00 -3.5156e+00 +8.3527e-02
53 0 +2.130577223e+01 +9.265577223e+01 +9.265577223e+01 +3.5655e+00 -1.2774e+00 -3.4639e+00 +1.0084e+00 -3.8033e+00 -1.3508e+00 +4.5843e+00 +4.9546e+00 +2.7210e+00 -1.8904e+00
717 0 +1.817795718e+01 +8.952795718e+01 +8.952795718e+01 +4.6071e+00 -1.7188e-01 +2.7305e+00 +2.6500e+00 +1.3472e+00 +4.6806e+00 +3.5190e+00 -3.0825e+00 -2.6408e+00 +4.0337e+00
2624 0 +1.673862656e+01 +8.808862656e+01 +8.808862656e+01 +5.5784e-01 -4.9259e+00 +1.6064e-01 -4.7051e+00 -1.5329e+00 +3.6067e+00 -2.5984e-01 -7.5305e-02 -1.3719e-01 -2.5921e+00
2729 0 +1.514586570e+01 +8.649586570e+01 +8.649586570e+01 +4.8594e+00 +2.6551e-01 -3.4742e+00 +2.0686e+00 +4.5571e+00 +3.6561e-01 -2.0245e+00 -7.5223e-01 -4.9136e+00 +1.7226e+00
3827 0 +1.443952804e+01 +8.578952804e+01 +8.578952804e+01 -3.3997e+00 -3.4598e+00 +1.0600e+00 +5.7884e-01 +3.3424e+00 -2.8434e+00 +9.9234e-01 +2.4949e+00 -2.4896e+00 +8.3730e-01
5160 0 +1.260373671e+01 +8.395373671e+01 +8.395373671e+01 +2.1156e+00 -3.4955e+00 +2.1376e+00 -3.6179e+00 +4.1882e+00 -4.9074e+00 -1.1410e+00 +6.5839e-01 -3.8937e+00 +1.2015e+00
5575 0 +1.090961715e+01 +8.225961715e+01 +8.225961715e+01 +2.1234e+00 -3.6224e+00 +2.2736e+00 -3.2622e+00 +4.4983e+00 -4.9340e+00 -8.4549e-01 +4.6290e-01 -4.0894e+00 +1.5838e+00
8441 0 +9.088382501e+00 +8.043838250e+01 +8.043838250e+01 -1.6044e+00 -2.9249e+00 -4.5056e+00 -3.7602e+00 +3.3162e-01 -2.9070e+00 -3.6817e+00 -1.5203e-01 +1.3759e+00 +1.7356e+00
9409 0 +7.617945445e+00 +7.896794545e+01 +7.896794545e+01 +4.9223e-01 -1.9048e+00 -3.2288e+00 -7.9953e-02 +2.9446e-01 -2.2952e+00 +7.0471e-01 +2.0636e+00 -3.7209e+00 +2.7554e+00
13253 0 +3.843554422e+00 +7.519355442e+01 +7.519355442e+01 +3.7830e+00 +6.7706e-01 +1.3715e+00 +1.0191e+00 -1.0129e+00 -3.6937e+00 +4.0446e+00 -1.7361e+00 -2.7377e-01 +1.8641e+00
15952 0 +3.785832517e+00 +7.513583252e+01 +7.513583252e+01 +3.5801e+00 +6.6271e-01 +1.3746e+00 +8.3678e-01 -1.1389e+00 -3.6685e+00 +4.2039e+00 -1.7038e+00 -2.4046e-01 +1.8447e+00
16028 0 +3.714503033e+00 +7.506450303e+01 +7.506450303e+01 +3.5801e+00 +6.6293e-01 +1.3746e+00 +8.3663e-01 -1.1388e+00 -3.6686e+00 +4.2038e+00 -1.7038e+00 -2.4042e-01 +1.8449e+00
17583 0 +2.923179141e+00 +7.427317914e+01 +7.427317914e+01 -1.6350e+00 -2.9445e+00 -4.8073e+00 -3.7793e+00 +3.9003e-01 -2.9374e+00 -3.5616e+00 -2.0413e-01 +1.3504e+00 +1.7160e+00
18608 0 +2.811864802e+00 +7.416186480e+01 +7.416186480e+01 -1.6350e+00 -2.9445e+00 -4.8073e+00 -3.7793e+00 +3.9003e-01 -2.9329e+00 -3.5616e+00 -2.0413e-01 +1.3504e+00 +1.7160e+00
20348 0 +2.182193758e+00 +7.353219376e+01 +7.353219376e+01 -1.9250e+00 +9.7843e-01 -9.9796e-02 +1.3797e+00 -2.1914e+00 +2.6623e+00 -2.1185e+00 +3.8508e+00 +1.7592e+00 -3.0066e-01
20437 0 +1.796965416e+00 +7.314696542e+01 +7.314696542e+01 -1.9333e+00 +9.6685e-01 -1.0226e-01 +1.3807e+00 -2.1930e+00 +2.6525e+00 -2.1261e+00 +3.8320e+00 +1.7595e+00 -3.0689e-01
22324 0 +1.317076859e+00 +7.266707686e+01 +7.266707686e+01 -1.8678e+00 +9.8271e-01 -1.0857e-01 +1.3331e+00 -2.2001e+00 +2.6785e+00 -2.1624e+00 +3.8718e+00 +1.7767e+00 -3.5301e-01
22345 0 +1.166216474e+00 +7.251621647e+01 +7.251621647e+01 -1.8852e+00 +9.8611e-01 -1.0910e-01 +1.3160e+00 -2.1945e+00 +2.6458e+00 -2.1782e+00 +3.8665e+00 +1.7676e+00 -3.5630e-01
22347 0 +8.307619184e-01 +7.218076192e+01 +7.218076192e+01 -1.8793e+00 +9.7218e-01 -1.0955e-01 +1.3159e+00 -2.2016e+00 +2.6333e+00 -2.1805e+00 +3.8876e+00 +1.7662e+00 -3.5810e-01
22373 0 +7.766513378e-01 +7.212665134e+01 +7.212665134e+01 -1.8371e+00 +9.7053e-01 -1.1174e-01 +1.3070e+00 -2.2092e+00 +2.6256e+00 -2.1671e+00 +3.8800e+00 +1.7756e+00 -3.5905e-01
22375 0 +6.857748614e-01 +7.203577486e+01 +7.203577486e+01 -1.8615e+00 +9.7632e-01 -1.1113e-01 +1.3036e+00 -2.2098e+00 +2.6373e+00 -2.1682e+00 +3.8872e+00 +1.7769e+00 -3.5588e-01
22391 0 +6.196180656e-01 +7.196961807e+01 +7.196961807e+01 -1.8584e+00 +9.7642e-01 -1.1089e-01 +1.3090e+00 -2.2022e+00 +2.6409e+00 -2.1720e+00 +3.8826e+00 +1.7774e+00 -3.5518e-01
22395 0 +5.978395983e-01 +7.194783960e+01 +7.194783960e+01 -1.8555e+00 +9.7617e-01 -1.1030e-01 +1.3124e+00 -2.1989e+00 +2.6444e+00 -2.1737e+00 +3.8817e+00 +1.7747e+00 -3.5511e-01
22408 0 +5.731342294e-01 +7.192313423e+01 +7.192313423e+01 -1.8613e+00 +9.7734e-01 -1.1044e-01 +1.3110e+00 -2.1983e+00 +2.6462e+00 -2.1720e+00 +3.8790e+00 +1.7746e+00 -3.5578e-01
22438 0 +5.609045946e-01 +7.191090459e+01 +7.191090459e+01 -1.8587e+00 +9.7624e-01 -1.1061e-01 +1.3115e+00 -2.2000e+00 +2.6456e+00 -2.1719e+00 +3.8792e+00 +1.7764e+00 -3.5520e-01
22544 0 +5.488917196e-01 +7.189889172e+01 +7.189889172e+01 -1.8581e+00 +9.7623e-01 -1.1060e-01 +1.3118e+00 -2.2001e+00 +2.6456e+00 -2.1719e+00 +3.8793e+00 +1.7767e+00 -3.5528e-01
25007 0 +5.260090039e-01 +7.187600900e+01 +7.187600900e+01 -1.8823e+00 +8.9924e-01 -8.7404e-02 +1.2932e+00 -2.2089e+00 +2.6314e+00 -2.0180e+00 +3.9067e+00 +1.7118e+00 -3.8605e-01
25023 0 +5.158832209e-01 +7.186588322e+01 +7.186588322e+01 -1.8822e+00 +8.9944e-01 -8.7398e-02 +1.2926e+00 -2.2097e+00 +2.6316e+00 -2.0181e+00 +3.9065e+00 +1.7118e+00 -3.8601e-01
25045 0 +5.085538659e-01 +7.185855387e+01 +7.185855387e+01 -1.8822e+00 +8.9941e-01 -8.7405e-02 +1.2928e+00 -2.2095e+00 +2.6311e+00 -2.0182e+00 +3.9070e+00 +1.7118e+00 -3.8599e-01
25069 0 +4.990662678e-01 +7.184906627e+01 +7.184906627e+01 -1.8821e+00 +8.9948e-01 -8.7405e-02 +1.2928e+00 -2.2096e+00 +2.6313e+00 -2.0182e+00 +3.9072e+00 +1.7118e+00 -3.8594e-01
27182 0 +4.409072843e-01 +7.179090728e+01 +7.179090728e+01 -1.8492e+00 +9.2116e-01 -4.0591e-02 +1.3316e+00 -2.2922e+00 +2.6083e+00 -2.0606e+00 +3.7469e+00 +1.7850e+00 -3.9265e-01
27197 0 +4.297919901e-01 +7.177979199e+01 +7.177979199e+01 -1.8506e+00 +9.2234e-01 -3.9694e-02 +1.3359e+00 -2.2672e+00 +2.6100e+00 -2.0707e+00 +3.7493e+00 +1.7835e+00 -3.9549e-01
27219 0 +3.533694988e-01 +7.170336950e+01 +7.170336950e+01 -1.8462e+00 +9.2230e-01 -4.0021e-02 +1.3401e+00 -2.2815e+00 +2.6150e+00 -2.0755e+00 +3.7587e+00 +1.7869e+00 -3.9383e-01
27236 0 +3.177224272e-01 +7.166772243e+01 +7.166772243e+01 -1.8441e+00 +9.2055e-01 -4.0175e-02 +1.3375e+00 -2.2751e+00 +2.6167e+00 -2.0801e+00 +3.7569e+00 +1.7851e+00 -3.9492e-01
27257 0 +3.086946787e-01 +7.165869468e+01 +7.165869468e+01 -1.8430e+00 +9.2204e-01 -3.9881e-02 +1.3413e+00 -2.2756e+00 +2.6172e+00 -2.0817e+00 +3.7573e+00 +1.7845e+00 -3.9526e-01
27267 0 +3.019786597e-01 +7.165197866e+01 +7.165197866e+01 -1.8449e+00 +9.2157e-01 -3.9936e-02 +1.3405e+00 -2.2747e+00 +2.6172e+00 -2.0806e+00 +3.7584e+00 +1.7836e+00 -3.9424e-01
27268 0 +2.946045405e-01 +7.164460454e+01 +7.164460454e+01 -1.8443e+00 +9.2200e-01 -3.9934e-02 +1.3398e+00 -2.2748e+00 +2.6169e+00 -2.0807e+00 +3.7581e+00 +1.7840e+00 -3.9483e-01
27278 0 +2.822708572e-01 +7.163227086e+01 +7.163227086e+01 -1.8461e+00 +9.2061e-01 -3.9867e-02 +1.3397e+00 -2.2726e+00 +2.6160e+00 -2.0815e+00 +3.7595e+00 +1.7835e+00 -3.9567e-01
27286 0 +2.785964016e-01 +7.162859640e+01 +7.162859640e+01 -1.8453e+00 +9.2096e-01 -3.9919e-02 +1.3401e+00 -2.2753e+00 +2.6162e+00 -2.0807e+00 +3.7597e+00 +1.7843e+00 -3.9528e-01
27301 0 +2.656478273e-01 +7.161564783e+01 +7.161564783e+01 -1.8457e+00 +9.2078e-01 -3.9911e-02 +1.3394e+00 -2.2737e+00 +2.6158e+00 -2.0814e+00 +3.7594e+00 +1.7838e+00 -3.9538e-01
27302 0 +2.552883615e-01 +7.160528836e+01 +7.160528836e+01 -1.8460e+00 +9.2053e-01 -3.9914e-02 +1.3390e+00 -2.2736e+00 +2.6155e+00 -2.0817e+00 +3.7598e+00 +1.7837e+00 -3.9546e-01
27325 0 +2.437313666e-01 +7.159373137e+01 +7.159373137e+01 -1.8454e+00 +9.2062e-01 -3.9923e-02 +1.3391e+00 -2.2735e+00 +2.6156e+00 -2.0815e+00 +3.7600e+00 +1.7842e+00 -3.9557e-01
27417 0 +2.393691852e-01 +7.158936919e+01 +7.158936919e+01 -1.8455e+00 +9.2055e-01 -3.9925e-02 +1.3391e+00 -2.2735e+00 +2.6156e+00 -2.0816e+00 +3.7601e+00 +1.7842e+00 -3.9560e-01
40000 0 +2.352582132e-01 +7.158525821e+01 +7.158525821e+01 -1.8455e+00 +9.2052e-01 -3.9924e-02 +1.3391e+00 -2.2734e+00 +2.6156e+00 -2.0817e+00 +3.7601e+00 +1.7842e+00 -3.9559e-01
% f evaluations | g evaluations | best noise-free fitness - Fopt (-3.552200000000e+02) + sum g_i+ | measured fitness | best measured fitness or single-digit g-values | x1 | x2...
1 0 +8.608845323e+01 -2.691315468e+02 -2.691315468e+02 +2.7396e+00 -6.1122e-01 +3.5860e+00 +1.9737e+00 -4.0582e+00 +4.7562e+00 +2.6114e+00 +2.8606e+00 -3.7189e+00 -4.9614e-01
2 0 +6.256988770e+01 -2.926501123e+02 -2.926501123e+02 -1.2920e+00 +4.2676e+00 +1.4387e+00 +3.2276e+00 -5.6586e-01 -2.7276e+00 +5.4585e-01 -4.3618e+00 +3.2763e+00 +1.3166e+00
3 0 +3.755136725e+01 -3.176686328e+02 -3.176686328e+02 +2.5809e+00 -1.4547e+00 +4.7070e+00 +3.9312e+00 +2.7838e+00 -3.0536e+00 -3.3279e-01 -4.5620e+00 -3.4571e+00 +1.8305e+00
29 0 +2.321560693e+01 -3.320043931e+02 -3.320043931e+02 -4.5652e+00 -3.1850e+00 -2.6326e+00 -2.5061e+00 +7.1233e-01 -8.3738e-01 -4.5075e+00 -1.2639e+00 +2.3753e-01 -3.9833e+00
149 0 +2.185120437e+01 -3.333687956e+02 -3.333687956e+02 -7.8234e-01 -4.3317e+00 +9.2957e-01 -2.7203e+00 +1.3761e+00 -4.4917e+00 +4.8139e+00 -3.0995e-01 +3.9676e+00 -2.4439e-01
230 0 +2.185120437e+01 -3.333687956e+02 -3.333687956e+02 -7.8234e-01 -4.3317e+00 +9.2957e-01 -2.7203e+00 +1.3761e+00 -4.4917e+00 +4.8139e+00 -3.0995e-01 +3.9676e+00 -2.4439e-01
% f evaluations | g evaluations | best noise-free fitness - Fopt (9.917000000000e+01) + sum g_i+ | measured fitness | best measured fitness or single-digit g-values | x1 | x2...
1 0 +1.380653682e+02 +2.372353682e+02 +2.372353682e+02 +2.7396e+00 -6.1122e-01 +3.5860e+00 +1.9737e+00 -4.0582e+00 +4.7562e+00 +2.6114e+00 +2.8606e+00 -3.7189e+00 -4.9614e-01
3 0 +8.990501001e+01 +1.890750100e+02 +1.890750100e+02 +2.5809e+00 -1.4547e+00 +4.7070e+00 +3.9312e+00 +2.7838e+00 -3.0536e+00 -3.3279e-01 -4.5620e+00 -3.4571e+00 +1.8305e+00
5 0 +5.144531372e+01 +1.506153137e+02 +1.506153137e+02 -6.2848e-01 +3.3268e+00 +2.0027e+00 -1.8763e+00 +3.3226e+00 +3.0476e+00 -1.1252e+00 -2.1167e+00 +1.8250e+00 -3.6025e+00
16 0 +4.226631924e+01 +1.414363192e+02 +1.414363192e+02 +3.2629e+00 +3.9616e+00 -3.5975e+00 +5.4036e-01 -3.9142e+00 +1.7224e+00 -2.1877e+00 +1.5942e+00 +2.2699e+00 +2.6865e+00
17 0 +3.223583661e+01 +1.314058366e+02 +1.314058366e+02 -3.9226e+00 +4.1601e+00 -2.6979e+00 -4.6259e+00 +5.4852e-01 -1.2908e+00 +3.2979e+00 +3.0825e+00 -1.8286e+00 +4.5290e+00
21 0 +2.920131535e+01 +1.283713154e+02 +1.283713154e+02 +2.7740e+00 +4.7183e+00 +7.4119e-03 -3.5610e+00 -4.8606e+00 -2.7034e+00 -3.6818e+00 +1.7766e+00 -3.7817e+00 +6.3299e-02
137 0 +2.067808932e+01 +1.198480893e+02 +1.198480893e+02 +1.6833e+00 -1.2327e+00 +1.1871e+00 -4.5990e+00 -3.8273e-01 +2.2251e-01 -2.8567e+00 -3.6038e+00 -3.1153e+00 -1.5586e+00
427 0 +2.034948722e+01 +1.195194872e+02 +1.195194872e+02 +3.6028e+00 -1.7960e+00 +4.1094e+00 -4.4473e+00 -1.4263e+00 -2.3519e+00 +8.6736e-02 -2.9461e+00 +4.0931e+00 +4.2967e+00
847 0 +1.662818641e+01 +1.157981864e+02 +1.157981864e+02 -4.2717e-01 +1.6939e+00 -2.8261e+00 +3.8165e-01 -4.5610e+00 +3.5080e+00 -1.9205e+00 +8.8667e-01 -2.2002e+00 +4.2163e+00
1420 0 +1.228100702e+01 +1.114510070e+02 +1.114510070e+02 +3.3346e+00 +3.5558e+00 -1.2250e+00 -1.4957e+00 -1.6259e+00 +4.6318e-01 -1.6887e+00 +1.7279e+00 +2.9910e-01 -1.8793e-01
6116 0 +1.092383955e+01 +1.100938396e+02 +1.100938396e+02 -2.6349e+00 -1.8291e+00 +4.0689e+00 +1.2598e+00 -2.9070e+00 -2.6089e+00 +2.6142e+00 -7.0749e-01 +4.9265e+00 +3.0645e+00
6246 0 +1.066968631e+01 +1.098396863e+02 +1.098396863e+02 -2.6284e+00 -1.9733e+00 +3.9450e+00 +1.3080e+00 -2.9424e+00 -2.7434e+00 +2.3680e+00 -5.7025e-01 +4.8815e+00 +2.8385e+00
9200 0 +9.820915376e+00 +1.089909154e+02 +1.089909154e+02 -2.6365e+00 -1.8274e+00 +4.0678e+00 +1.2586e+00 -2.9062e+00 -2.6080e+00 +2.6144e+00 -7.0827e-01 +4.9261e+00 +3.1099e+00
9760 0 +8.580902923e+00 +1.077509029e+02 +1.077509029e+02 -2.6630e+00 -1.7591e+00 +4.0988e+00 +1.3175e+00 -2.8256e+00 -2.6908e+00 +2.6954e+00 -8.0749e-01 +4.9892e+00 +3.0958e+00
11796 0 +7.243447439e+00 +1.064134474e+02 +1.064134474e+02 +1.0806e+00 +4.1687e+00 -5.5503e-01 +3.0418e+00 +1.3278e+00 -3.6099e+00 +4.7230e+00 -5.2607e-01 -1.2451e+00 -1.7689e+00
12552 0 +6.386566555e+00 +1.055565666e+02 +1.055565666e+02 -1.5571e+00 +7.2321e-01 +2.5844e+00 +6.3739e-01 +4.3542e+00 +2.2518e+00 +2.3903e-01 +3.3155e-01 +1.6209e+00 -2.3447e+00
13297 0 +6.007246306e+00 +1.051772463e+02 +1.051772463e+02 -1.5571e+00 +7.2321e-01 +2.5471e+00 +6.3739e-01 +4.3542e+00 +2.2518e+00 +2.3903e-01 +3.3155e-01 +1.6209e+00 -2.3447e+00
13419 0 +4.330881332e+00 +1.035008813e+02 +1.035008813e+02 -1.5708e+00 +6.1157e-01 +2.5122e+00 +6.6590e-01 +4.3956e+00 +2.1953e+00 +2.1713e-01 +2.7736e-01 +1.6336e+00 -2.3335e+00
15820 0 +4.234173842e+00 +1.034041738e+02 +1.034041738e+02 -1.5874e+00 +3.2871e-01 +2.5916e+00 +5.1861e-01 +4.5315e+00 +2.2038e+00 +4.7827e-02 +3.9198e-01 +1.7324e+00 -2.3515e+00
15830 0 +3.919801670e+00 +1.030898017e+02 +1.030898017e+02 -1.5949e+00 +3.2324e-01 +2.5687e+00 +5.1650e-01 +4.5503e+00 +2.1913e+00 +4.8250e-02 +3.9373e-01 +1.7675e+00 -2.3718e+00
15847 0 +3.598036548e+00 +1.027680365e+02 +1.027680365e+02 -1.5754e+00 +3.2923e-01 +2.5781e+00 +5.1894e-01 +4.5337e+00 +2.1775e+00 +4.8348e-02 +3.9818e-01 +1.7511e+00 -2.3250e+00
15854 0 +3.392343140e+00 +1.025623431e+02 +1.025623431e+02 -1.5917e+00 +3.2747e-01 +2.5872e+00 +5.1126e-01 +4.5368e+00 +2.1888e+00 +4.8245e-02 +3.9521e-01 +1.7430e+00 -2.3676e+00
15915 0 +3.373148405e+00 +1.025431484e+02 +1.025431484e+02 -1.5878e+00 +3.2715e-01 +2.5855e+00 +5.1308e-01 +4.5355e+00 +2.1899e+00 +4.8218e-02 +3.9505e-01 +1.7443e+00 -2.3648e+00
15935 0 +3.301878447e+00 +1.024718784e+02 +1.024718784e+02 -1.5882e+00 +3.2715e-01 +2.5860e+00 +5.1287e-01 +4.5374e+00 +2.1904e+00 +4.8220e-02 +3.9516e-01 +1.7448e+00 -2.3629e+00
15967 0 +3.230976660e+00 +1.024009767e+02 +1.024009767e+02 -1.5894e+00 +3.2700e-01 +2.5866e+00 +5.1234e-01 +4.5380e+00 +2.1909e+00 +4.8203e-02 +3.9502e-01 +1.7445e+00 -2.3657e+00
16028 0 +3.155772269e+00 +1.023257723e+02 +1.023257723e+02 -1.5893e+00 +3.2698e-01 +2.5864e+00 +5.1237e-01 +4.5376e+00 +2.1911e+00 +4.8202e-02 +3.9503e-01 +1.7445e+00 -2.3664e+00
40000 0 +3.112267518e+00 +1.022822675e+02 +1.022822675e+02 -1.5894e+00 +3.2698e-01 +2.5863e+00 +5.1225e-01 +4.5374e+00 +2.1915e+00 +4.8206e-02 +3.9501e-01 +1.7445e+00 -2.3664e+00
% f evaluations | g evaluations | best noise-free fitness - Fopt (-5.179100000000e+02) + sum g_i+ | measured fitness | best measured fitness or single-digit g-values | x1 | x2...
1 0 +8.080716833e+01 -4.371028317e+02 -4.371028317e+02 +2.7396e+00 -6.1122e-01 +3.5860e+00 +1.9737e+00 -4.0582e+00 +4.7562e+00 +2.6114e+00 +2.8606e+00 -3.7189e+00 -4.9614e-01
8 0 +6.171739098e+01 -4.561926090e+02 -4.561926090e+02 -2.8542e+00 -9.1471e-01 +3.5340e+00 -2.6606e+00 -4.4170e+00 -2.1862e+00 -2.0641e+00 +1.6192e+00 +5.7032e-01 +2.8390e+00
13 0 +5.654105061e+01 -4.613689494e+02 -4.613689494e+02 +8.4098e-01 +1.4985e+00 -4.1556e+00 -8.4193e-01 -4.5839e+00 -6.0092e-02 -1.7014e+00 -3.5548e+00 -3.9660e+00 +8.7645e-01
19 0 +3.958295344e+01 -4.783270466e+02 -4.783270466e+02 +3.9079e+00 +3.9345e+00 +1.8858e-01 -1.8407e+00 +2.7201e+00 +1.6166e+00 -1.2634e+00 -4.0553e+00 +2.4679e+00 -2.3754e+00
26 0 +3.847763505e+01 -4.794323650e+02 -4.794323650e+02 +1.5193e+00 +3.6749e+00 -4.6103e-01 -2.5216e+00 -2.6334e+00 +2.4601e+00 +3.1657e+00 -3.9472e+00 -4.3344e+00 +9.4434e-01
37 0 +3.021389766e+01 -4.876961023e+02 -4.876961023e+02 +4.3124e+00 -3.8027e+00 -3.8290e+00 -4.1229e+00 +1.5786e+00 -8.1392e-01 +2.7432e+00 +1.7123e+00 -1.6636e+00 +3.9837e+00
50 0 +2.453720064e+01 -4.933727994e+02 -4.933727994e+02 +2.0200e+00 +1.4795e+00 +1.5243e+00 -1.8379e+00 +2.8743e+00 +4.9144e-01 -6.8582e-01 +1.2601e+00 -1.3934e+00 +1.2739e-01
74 0 +2.165960596e+01 -4.962503940e+02 -4.962503940e+02 -1.8743e+00 -4.4904e+00 -3.8840e+00 -1.1550e+00 -4.3947e+00 +1.9819e+00 -2.9298e+00 -1.9793e+00 -1.0587e+00 -8.3390e-01
172 0 +2.119013724e+01 -4.967198628e+02 -4.967198628e+02 +2.8779e+00 -1.1722e+00 +4.7998e+00 +3.8353e+00 -1.9868e+00 +2.7019e+00 -1.6314e+00 +1.0636e+00 +1.5848e+00 +3.2960e+00
193 0 +2.084350593e+01 -4.970664941e+02 -4.970664941e+02 +3.9079e+00 +3.9345e+00 -1.6906e+00 -1.4086e+00 +2.7201e+00 +1.6166e+00 -1.2634e+00 -4.0553e+00 +2.4679e+00 -2.3754e+00
230 0 +2.084350593e+01 -4.970664941e+02 -4.970664941e+02 +3.9079e+00 +3.9345e+00 -1.6906e+00 -1.4086e+00 +2.7201e+00 +1.6166e+00 -1.2634e+00 -4.0553e+00 +2.4679e+00 -2.3754e+00
% f evaluations | g evaluations | best noise-free fitness - Fopt (-5.721000000000e+01) + sum g_i+ | measured fitness | best measured fitness or single-digit g-values | x1 | x2...
1 0 +5.638494349e+01 -8.250565119e-01 -8.250565119e-01 +2.7396e+00 -6.1122e-01 +3.5860e+00 +1.9737e+00 -4.0582e+00 +4.7562e+00 +2.6114e+00 +2.8606e+00 -3.7189e+00 -4.9614e-01
5 0 +3.236419302e+01 -2.484580698e+01 -2.484580698e+01 -6.2848e-01 +3.3268e+00 +2.0027e+00 -1.8763e+00 +3.3226e+00 +3.0476e+00 -1.1252e+00 -2.1167e+00 +1.8250e+00 -3.6025e+00
90 0 +3.193545523e+01 -2.527454477e+01 -2.527454477e+01 -1.6052e+00 +4.5490e+00 -2.5640e+00 -4.0108e+00 +2.5350e+00 +3.8104e+00 -2.2189e+00 -2.9791e+00 -3.1423e+00 +2.2012e-01
105 0 +2.193175781e+01 -3.527824219e+01 -3.527824219e+01 -4.0828e+00 +1.6749e+00 +1.5552e+00 +1.6291e+00 -4.8023e+00 -1.7345e+00 -3.0219e+00 +2.7815e+00 +3.6063e+00 -2.5332e+00
219 0 +2.086901919e+01 -3.634098081e+01 -3.634098081e+01 -1.8859e+00 -2.9199e+00 +3.4601e-01 +4.9354e+00 +4.5871e+00 -6.1624e-01 +2.0580e+00 -1.9824e+00 +1.6542e+00 -2.2713e+00
230 0 +2.086901919e+01 -3.634098081e+01 -3.634098081e+01 -1.8859e+00 -2.9199e+00 +3.4601e-01 +4.9354e+00 +4.5871e+00 -6.1624e-01 +2.0580e+00 -1.9824e+00 +1.6542e+00 -2.2713e+00
