% f evaluations | g evaluations | best noise-free fitness - Fopt (-5.465000000000e+02) + sum g_i+ | measured fitness | best measured fitness or single-digit g-values | x1 | x2...
1 0 +1.184985191e+05 +1.179520191e+05 +1.179520191e+05 +2.7396e+00 -6.1122e-01 +3.5860e+00 +1.9737e+00 -4.0582e+00 +4.7562e+00 +2.6114e+00 +2.8606e+00 -3.7189e+00 -4.9614e-01
3 0 +7.267790788e+04 +7.213140788e+04 +7.213140788e+04 +2.5809e+00 -1.4547e+00 +4.7070e+00 +3.9312e+00 +2.7838e+00 -3.0536e+00 -3.3279e-01 -4.5620e+00 -3.4571e+00 +1.8305e+00
4 0 +5.807164549e+03 +5.260664549e+03 +5.260664549e+03 +2.4476e+00 +4.6751e+00 -1.7417e+00 -1.2954e+00 -3.0444e-01 -3.1053e+00 -3.7008e+00 -2.4295e-01 -2.7309e+00 +1.6981e+00
50 0 +2.200572542e+03 +1.654072542e+03 +1.654072542e+03 +2.0200e+00 +1.4795e+00 +1.5243e+00 -1.8379e+00 +2.8743e+00 +4.9144e-01 -6.8582e-01 +1.2601e+00 -1.3934e+00 +1.2739e-01
217 0 +1.799474384e+03 +1.252974384e+03 +1.252974384e+03 -4.7076e-01 +2.7326e+00 +2.7788e+00 +1.7464e+00 +2.4824e+00 +1.3794e+00 -1.1055e+00 +1.3107e+00 -1.5233e+00 +7.0882e-01
360 0 +9.427976775e+02 +3.962976775e+02 +3.962976775e+02 -4.4142e-01 +3.0395e+00 +3.0389e+00 +1.6951e+00 +2.3895e+00 +8.2042e-01 -1.4451e+00 +1.4130e+00 -1.5676e+00 +7.3291e-01
731 0 +6.890865955e+02 +1.425865955e+02 +1.425865955e+02 -2.9294e-01 +6.6243e-01 +1.1967e+00 +4.9711e-01 +3.2998e+00 +9.5049e-01 -1.2256e+00 +2.9074e+00 -2.4019e-01 +1.9484e+00
1028 0 +1.595646597e+02 -3.869353403e+02 -3.869353403e+02 -1.4381e+00 +3.1015e+00 -2.7386e-01 +3.8488e-01 +9.5213e-01 +1.9218e-01 -1.9520e+00 +8.0007e-01 -1.8733e+00 +1.7537e+00
% f evaluations | g evaluations | best noise-free fitness - Fopt (1.000000000000e+03) + sum g_i+ | measured fitness | best measured fitness or single-digit g-values | x1 | x2...
1 0 +3.833904538e+04 +3.933904538e+04 +3.933904538e+04 +2.7396e+00 -6.1122e-01 +3.5860e+00 +1.9737e+00 -4.0582e+00 +4.7562e+00 +2.6114e+00 +2.8606e+00 -3.7189e+00 -4.9614e-01
4 0 +3.484028360e+04 +3.584028360e+04 +3.584028360e+04 +2.4476e+00 +4.6751e+00 -1.7417e+00 -1.2954e+00 -3.0444e-01 -3.1053e+00 -3.7008e+00 -2.4295e-01 -2.7309e+00 +1.6981e+00
12 0 +3.414303258e+04 +3.514303258e+04 +3.514303258e+04 -4.4224e-01 -2.9764e+00 -1.9404e+00 +7.9220e-01 -3.2323e+00 +3.5661e+00 +2.5852e+00 +2.1946e+00 -6.7907e-01 +1.2731e+00
20 0 +3.172199893e+04 +3.272199893e+04 +3.272199893e+04 +4.3681e+00 -2.5903e+00 -3.7724e+00 +3.3111e+00 -3.4672e+00 -3.2073e+00 +9.9383e-01 +3.7456e+00 -3.0357e+00 -1.8968e+00
21 0 +2.127894036e+04 +2.227894036e+04 +2.227894036e+04 +2.7740e+00 +4.7183e+00 +7.4119e-03 -3.5610e+00 -4.8606e+00 -2.7034e+00 -3.6818e+00 +1.7766e+00 -3.7817e+00 +6.3299e-02
25 0 +1.124483695e+04 +1.224483695e+04 +1.224483695e+04 +3.2943e+00 +2.9682e+00 -2.6736e+00 +3.0770e-01 +1.0602e+00 +3.6774e+00 +1.0311e+00 -8.7428e-01 -1.2582e+00 -7.4118e-01
50 0 +9.754626397e+03 +1.075462640e+04 +1.075462640e+04 +2.0200e+00 +1.4795e+00 +1.5243e+00 -1.8379e+00 +2.8743e+00 +4.9144e-01 -6.8582e-01 +1.2601e+00 -1.3934e+00 +1.2739e-01
155 0 +5.020272328e+03 +6.020272328e+03 +6.020272328e+03 +3.2056e+00 -2.5925e+00 -1.3919e+00 -3.2364e+00 -3.2515e-01 -1.0794e+00 -2.5907e+00 +2.5178e+00 -1.8615e+00 -2.2720e+00
277 0 +4.427655117e+03 +5.427655117e+03 +5.427655117e+03 +1.6568e+00 +9.2759e-01 -4.0956e+00 +1.4307e+00 -4.8969e+00 -5.4802e-03 -2.1809e+00 +2.3478e+00 -6.4582e-01 -2.0053e+00
457 0 +3.129530496e+03 +4.129530496e+03 +4.129530496e+03 +5.2993e-01 +2.4850e+00 +7.9826e-01 -1.3539e+00 -1.6197e+00 +3.5621e+00 +5.6974e-02 +2.4161e+00 -2.8161e+00 -8.8707e-01
720 0 +1.156516183e+03 +2.156516183e+03 +2.156516183e+03 -1.1854e+00 -4.6286e-01 -1.2008e+00 +1.2305e+00 +7.6847e-01 +1.1665e+00 -1.2533e+00 +2.3536e+00 -1.0710e+00 -1.0284e+00
726 0 +6.832585614e+02 +1.683258561e+03 +1.683258561e+03 +2.4348e-01 +4.9674e-01 -1.9957e+00 +3.6329e-02 -2.2768e+00 +2.6051e+00 -2.3016e+00 +2.6651e+00 -8.0469e-01 -2.0060e+00
896 0 +5.150559301e+02 +1.515055930e+03 +1.515055930e+03 +5.5647e-01 +8.3852e-01 -2.2166e+00 -4.4529e-02 -2.4976e+00 +2.5757e+00 -2.2753e+00 +2.5794e+00 -1.2481e+00 -2.1477e+00
897 0 +3.052660231e+02 +1.305266023e+03 +1.305266023e+03 +2.4348e-01 +4.9674e-01 -4.4529e-01 +3.4341e-02 -2.2768e+00 +2.6051e+00 -1.4744e+00 +2.6651e+00 -8.0469e-01 -1.4794e+00
1073 0 +1.188666939e+02 +1.118866694e+03 +1.118866694e+03 +2.0478e-01 +6.6011e-01 -1.4609e-01 -4.0993e-01 -1.9487e+00 +2.4846e+00 -1.5928e+00 +2.5866e+00 -7.3384e-01 -1.7254e+00
1249 0 +1.008640898e+02 +1.100864090e+03 +1.100864090e+03 +2.1483e-02 +4.9659e-01 -4.9737e-01 -4.0675e-01 -1.8567e+00 +2.1827e+00 -1.2558e+00 +2.6789e+00 -4.4352e-01 -1.8372e+00
1252 0 +3.341647434e+00 +1.003341647e+03 +1.003341647e+03 -1.1854e+00 -4.6286e-01 -3.9478e-01 +5.8823e-01 -5.0007e-01 +1.1665e+00 -1.2533e+00 +2.3536e+00 -1.9920e+00 -1.7726e+00
2636 0 +3.242487258e+00 +1.003242487e+03 +1.003242487e+03 -1.6909e+00 +1.1595e+00 -2.4014e+00 -2.0691e+00 -2.0602e+00 +4.3027e-01 -1.5955e+00 +1.6197e+00 -1.4973e+00 -1.9578e+00
3528 0 +2.991916628e+00 +1.002991917e+03 +1.002991917e+03 -3.0970e-01 -8.3017e-01 -2.8749e+00 +7.6424e-01 -9.1938e-01 +1.8277e+00 -9.4063e-01 +1.2908e+00 -2.2875e+00 -1.1877e+00
4322 0 +2.689721030e+00 +1.002689721e+03 +1.002689721e+03 +1.5929e+00 -1.1925e-02 -2.5147e+00 -1.2129e+00 -2.2655e+00 +6.6164e-01 -2.2457e+00 +1.1783e+00 -1.7142e+00 -2.1463e+00
4620 0 +2.473193856e+00 +1.002473194e+03 +1.002473194e+03 +1.3845e+00 -1.5010e-01 -2.5628e+00 -9.3884e-01 -2.3677e+00 +5.0369e-01 -2.4514e+00 +1.0626e+00 -1.7882e+00 -2.2275e+00
5748 0 +2.087569614e+00 +1.002087570e+03 +1.002087570e+03 -8.1969e-02 +2.5266e+00 -2.0029e+00 -2.1832e+00 -2.1111e+00 +1.7210e+00 -2.2383e+00 +2.1415e+00 -1.7842e+00 -1.3504e+00
8974 0 +1.962276609e+00 +1.001962277e+03 +1.001962277e+03 -6.3831e-01 +2.5006e+00 -1.1746e+00 -2.3474e+00 -1.8741e+00 +1.5880e+00 -1.3564e+00 +2.2503e+00 -2.0588e+00 -9.3632e-01
8975 0 +1.927651854e+00 +1.001927652e+03 +1.001927652e+03 -6.4594e-01 +2.4930e+00 -1.1649e+00 -2.3750e+00 -1.9080e+00 +1.5663e+00 -1.3576e+00 +2.2329e+00 -2.0460e+00 -9.3961e-01
8984 0 +1.796594692e+00 +1.001796595e+03 +1.001796595e+03 -6.1318e-01 +2.5065e+00 -1.1749e+00 -2.3385e+00 -1.9125e+00 +1.5955e+00 -1.3545e+00 +2.2624e+00 -2.0750e+00 -9.4365e-01
8985 0 +1.726890938e+00 +1.001726891e+03 +1.001726891e+03 -6.0704e-01 +2.5053e+00 -1.1700e+00 -2.3402e+00 -1.9481e+00 +1.5772e+00 -1.3593e+00 +2.2395e+00 -2.0871e+00 -9.5320e-01
8989 0 +1.653018171e+00 +1.001653018e+03 +1.001653018e+03 -6.3684e-01 +2.5162e+00 -1.1392e+00 -2.3015e+00 -1.9845e+00 +1.5962e+00 -1.3850e+00 +2.2421e+00 -2.0787e+00 -9.5446e-01
8997 0 +1.574312714e+00 +1.001574313e+03 +1.001574313e+03 -5.9760e-01 +2.5158e+00 -1.1520e+00 -2.3391e+00 -2.0164e+00 +1.5845e+00 -1.3660e+00 +2.2613e+00 -2.0864e+00 -9.5127e-01
9023 0 +1.538783100e+00 +1.001538783e+03 +1.001538783e+03 -6.0857e-01 +2.5346e+00 -1.1429e+00 -2.3357e+00 -2.0523e+00 +1.5700e+00 -1.3835e+00 +2.2544e+00 -2.0803e+00 -9.6314e-01
9057 0 +1.506001845e+00 +1.001506002e+03 +1.001506002e+03 -6.1185e-01 +2.5414e+00 -1.1471e+00 -2.3572e+00 -2.0509e+00 +1.5550e+00 -1.3891e+00 +2.2766e+00 -2.0562e+00 -9.6349e-01
9094 0 +1.478526021e+00 +1.001478526e+03 +1.001478526e+03 -6.0316e-01 +2.5370e+00 -1.1482e+00 -2.3449e+00 -2.0489e+00 +1.5552e+00 -1.4004e+00 +2.2835e+00 -2.0611e+00 -9.6862e-01
9170 0 +1.443118888e+00 +1.001443119e+03 +1.001443119e+03 -5.6923e-01 +2.5029e+00 -1.1609e+00 -2.3486e+00 -2.0385e+00 +1.5424e+00 -1.4141e+00 +2.2812e+00 -2.0671e+00 -9.7661e-01
9215 0 +1.411108246e+00 +1.001411108e+03 +1.001411108e+03 -4.9973e-01 +2.4722e+00 -1.1994e+00 -2.3317e+00 -2.0421e+00 +1.5336e+00 -1.4143e+00 +2.2859e+00 -2.0706e+00 -9.7768e-01
9448 0 +1.380064256e+00 +1.001380064e+03 +1.001380064e+03 -4.5016e-01 +2.4549e+00 -1.2153e+00 -2.3272e+00 -2.0692e+00 +1.5448e+00 -1.4191e+00 +2.2806e+00 -2.0685e+00 -9.7100e-01
9815 0 +1.348760235e+00 +1.001348760e+03 +1.001348760e+03 -4.0504e-01 +2.4650e+00 -1.2134e+00 -2.3316e+00 -2.0668e+00 +1.5502e+00 -1.4152e+00 +2.2657e+00 -2.0659e+00 -9.6152e-01
22822 0 +1.306021915e+00 +1.001306022e+03 +1.001306022e+03 -1.1844e+00 -8.2797e-01 -2.8560e+00 +5.4013e-01 -5.3686e-01 +2.3881e+00 -1.5297e+00 +2.2383e+00 -2.0511e+00 -2.0681e+00
22904 0 +1.272328475e+00 +1.001272328e+03 +1.001272328e+03 -1.1928e+00 -8.0668e-01 -2.8663e+00 +5.6267e-01 -5.6167e-01 +2.3894e+00 -1.5554e+00 +2.2469e+00 -2.0444e+00 -2.0777e+00
23858 0 +1.232807135e+00 +1.001232807e+03 +1.001232807e+03 -1.1384e+00 -7.9564e-01 -2.8133e+00 +4.9929e-01 -6.2363e-01 +2.3841e+00 -1.5608e+00 +2.2038e+00 -2.0584e+00 -2.0688e+00
23935 0 +1.153969970e+00 +1.001153970e+03 +1.001153970e+03 -1.1567e+00 -8.0163e-01 -2.8127e+00 +5.0598e-01 -6.2965e-01 +2.3910e+00 -1.5669e+00 +2.2335e+00 -2.0688e+00 -2.0742e+00
25432 0 +1.122009432e+00 +1.001122009e+03 +1.001122009e+03 -1.1558e+00 -8.8364e-01 -2.7840e+00 +5.0355e-01 -6.1798e-01 +2.3919e+00 -1.5446e+00 +2.2183e+00 -2.0530e+00 -2.1102e+00
25433 0 +1.004933929e+00 +1.001004934e+03 +1.001004934e+03 -1.1432e+00 -8.8551e-01 -2.7838e+00 +5.0999e-01 -5.9120e-01 +2.4225e+00 -1.5313e+00 +2.2466e+00 -2.0792e+00 -2.0960e+00
25447 0 +9.933873491e-01 +1.000993387e+03 +1.000993387e+03 -1.0587e+00 -9.1624e-01 -2.8027e+00 +5.0309e-01 -6.0809e-01 +2.4960e+00 -1.5112e+00 +2.2796e+00 -2.0996e+00 -2.0965e+00
25452 0 +9.512544888e-01 +1.000951254e+03 +1.000951254e+03 -1.1108e+00 -8.7833e-01 -2.7968e+00 +5.0038e-01 -6.2797e-01 +2.4750e+00 -1.5432e+00 +2.2255e+00 -2.0629e+00 -2.1110e+00
25457 0 +8.632108252e-01 +1.000863211e+03 +1.000863211e+03 -1.0614e+00 -8.8485e-01 -2.8166e+00 +5.2824e-01 -6.0883e-01 +2.4693e+00 -1.5269e+00 +2.2592e+00 -2.0664e+00 -2.1011e+00
25483 0 +8.497376558e-01 +1.000849738e+03 +1.000849738e+03 -1.0234e+00 -8.8284e-01 -2.8665e+00 +5.3607e-01 -5.9053e-01 +2.4780e+00 -1.5122e+00 +2.2610e+00 -2.0746e+00 -2.0961e+00
25502 0 +8.245697988e-01 +1.000824570e+03 +1.000824570e+03 -1.0362e+00 -8.6415e-01 -2.8515e+00 +5.2965e-01 -6.0242e-01 +2.4798e+00 -1.5174e+00 +2.2637e+00 -2.0575e+00 -2.1103e+00
25535 0 +8.099194039e-01 +1.000809919e+03 +1.000809919e+03 -1.0424e+00 -8.5522e-01 -2.8503e+00 +5.3289e-01 -6.0405e-01 +2.4725e+00 -1.5119e+00 +2.2504e+00 -2.0666e+00 -2.1099e+00
25631 0 +7.939536234e-01 +1.000793954e+03 +1.000793954e+03 -1.0292e+00 -8.2833e-01 -2.8331e+00 +5.4408e-01 -5.9832e-01 +2.4794e+00 -1.5026e+00 +2.2577e+00 -2.0644e+00 -2.1173e+00
40000 0 +7.895943426e-01 +1.000789594e+03 +1.000789594e+03 -1.0191e+00 -8.0681e-01 -2.8328e+00 +5.4169e-01 -5.9786e-01 +2.4816e+00 -1.5067e+00 +2.2544e+00 -2.0675e+00 -2.1142e+00
% f evaluations | g evaluations | best noise-free fitness - Fopt (2.083800000000e+02) + sum g_i+ | measured fitness | best measured fitness or single-digit g-values | x1 | x2...
1 0 +2.829246495e+04 +2.850084495e+04 +2.850084495e+04 +2.7396e+00 -6.1122e-01 +3.5860e+00 +1.9737e+00 -4.0582e+00 +4.7562e+00 +2.6114e+00 +2.8606e+00 -3.7189e+00 -4.9614e-01
7 0 +2.368500599e+04 +2.389338599e+04 +2.389338599e+04 +1.6840e+00 -2.8904e-01 +6.5236e-01 +2.6500e+00 +1.3472e+00 +5.3579e-01 +5.9207e-01 -1.9605e+00 -4.6918e+00 -6.3283e-01
12 0 +1.333764341e+04 +1.354602341e+04 +1.354602341e+04 -4.4224e-01 -2.9764e+00 -1.9404e+00 +7.9220e-01 -3.2323e+00 +3.5661e+00 +2.5852e+00 +2.1946e+00 -6.7907e-01 +1.2731e+00
36 0 +4.355701570e+03 +4.564081570e+03 +4.564081570e+03 +1.1617e+00 -3.2871e+00 +6.4951e-01 +7.2431e-01 -3.4015e-01 +2.2632e-01 +2.6392e+00 +2.9924e+00 -7.8468e-02 +9.9593e-01
151 0 +2.446051706e+03 +2.654431706e+03 +2.654431706e+03 +1.7185e+00 +4.6059e+00 -1.2909e+00 -7.4918e-01 +3.1212e+00 +5.7623e-02 +2.3657e+00 -4.0291e-01 -2.8450e+00 +2.4520e+00
458 0 +2.165410408e+03 +2.373790408e+03 +2.373790408e+03 +2.4172e+00 +2.4432e-01 +1.6968e+00 -1.8685e+00 +1.7019e+00 +7.8157e-01 +1.9960e+00 +2.9810e+00 -8.3581e-01 +7.0683e-01
697 0 +1.440261382e+03 +1.648641382e+03 +1.648641382e+03 -1.6345e+00 +2.4089e-01 -1.8967e+00 +2.0056e+00 +2.2901e+00 -3.1069e-01 +3.2454e+00 -3.0658e-01 -6.4497e-01 +1.1377e+00
765 0 +4.734950873e+02 +6.818750873e+02 +6.818750873e+02 -4.5749e-01 -1.2199e-01 -1.7050e+00 +1.0525e+00 +1.5917e+00 +6.6938e-01 +1.7763e-01 +2.0982e+00 -1.6487e+00 +1.0680e+00
1073 0 +3.467263313e+02 +5.551063313e+02 +5.551063313e+02 +2.0737e-01 -3.2025e-01 -9.0751e-01 +1.3219e+00 +1.6548e+00 +2.3556e-01 +6.0666e-03 +2.0272e+00 -1.7157e+00 +1.0326e+00
1249 0 +2.507117205e+02 +4.590917205e+02 +4.590917205e+02 +7.0413e-02 -4.7446e-01 -8.3646e-01 +1.5668e+00 +1.4502e+00 +2.7339e-01 +6.1111e-02 +2.1344e+00 -2.2260e+00 +7.5618e-01
1254 0 +1.162003833e+02 +3.245803833e+02 +3.245803833e+02 +2.4172e+00 -6.2821e-01 -3.4354e-01 +1.1006e+00 +1.7019e+00 +9.6671e-01 +1.3188e+00 +6.2968e-01 -1.2035e+00 +7.0683e-01
1425 0 +4.919057755e+00 +2.132990578e+02 +2.132990578e+02 +2.4290e+00 -4.0014e-01 -4.2228e-01 +1.1462e+00 +1.7169e+00 +6.8938e-01 +1.3401e+00 +9.1817e-01 -7.9748e-01 +1.0171e+00
1664 0 +3.767527026e+00 +2.121475270e+02 +2.121475270e+02 -2.3303e-01 -3.0052e-01 -3.7093e-01 +2.7958e+00 +1.2133e+00 +5.6107e-01 +2.4413e+00 +1.0174e+00 -9.4621e-01 +2.1107e+00
2360 0 +3.623480460e+00 +2.120034805e+02 +2.120034805e+02 +1.4107e+00 +8.8378e-01 +1.0154e+00 +2.3715e-01 +2.2923e+00 +9.6305e-01 +7.0413e-01 +2.0814e+00 -1.7453e+00 +1.8327e+00
2463 0 +3.165526903e+00 +2.115455269e+02 +2.115455269e+02 +1.4268e+00 +6.2637e-01 +1.1190e+00 +4.8026e-01 +1.9887e+00 +9.5797e-01 +6.7618e-01 +1.7440e+00 -1.5899e+00 +1.9388e+00
2486 0 +2.995747592e+00 +2.113757476e+02 +2.113757476e+02 -2.2229e+00 -7.2005e-01 +1.7784e+00 +1.4429e+00 +2.1041e+00 +8.0301e-01 +8.3183e-01 +2.4301e+00 -2.0997e+00 +1.3969e+00
2997 0 +2.270259360e+00 +2.106502594e+02 +2.106502594e+02 +1.5639e+00 +4.3502e-01 +6.7751e-01 +2.4371e+00 +1.9243e+00 +8.0956e-01 +7.7544e-01 +1.9676e+00 -1.7156e+00 +2.2100e+00
6532 0 +2.234363099e+00 +2.106143631e+02 +2.106143631e+02 +2.5000e+00 -7.9700e-01 -7.0023e-01 +2.7743e+00 +1.9130e+00 -1.0076e-01 +8.9205e-01 +2.3960e+00 -1.0522e+00 +2.3557e+00
6615 0 +2.187552876e+00 +2.105675529e+02 +2.105675529e+02 +2.5021e+00 -7.9781e-01 -6.9560e-01 +2.7564e+00 +1.8975e+00 -1.0010e-01 +9.1951e-01 +2.3906e+00 -1.0428e+00 +2.3635e+00
6668 0 +2.137820976e+00 +2.105178210e+02 +2.105178210e+02 +2.5050e+00 -7.7816e-01 -7.1475e-01 +2.7437e+00 +1.9293e+00 -9.6150e-02 +9.4971e-01 +2.3910e+00 -1.0534e+00 +2.3767e+00
6732 0 +2.088560529e+00 +2.104685605e+02 +2.104685605e+02 +2.5014e+00 -7.9180e-01 -6.9940e-01 +2.7788e+00 +1.9267e+00 -9.4975e-02 +9.7105e-01 +2.3738e+00 -1.0629e+00 +2.3592e+00
6997 0 +2.040232903e+00 +2.104202329e+02 +2.104202329e+02 +2.5018e+00 -7.9712e-01 -7.1506e-01 +2.7887e+00 +1.9276e+00 -9.2939e-02 +9.7367e-01 +2.3744e+00 -1.0790e+00 +2.3599e+00
7026 0 +1.992721219e+00 +2.103727212e+02 +2.103727212e+02 +2.5009e+00 -7.9617e-01 -7.3379e-01 +2.8036e+00 +1.9142e+00 -9.3690e-02 +9.6055e-01 +2.3767e+00 -1.0785e+00 +2.3642e+00
10783 0 +1.942941970e+00 +2.103229420e+02 +2.103229420e+02 +2.5038e+00 -7.9851e-01 -2.0585e-01 +1.9490e+00 +1.4988e+00 +4.4020e-01 +8.7312e-01 +2.4089e+00 -7.4850e-01 +2.4565e+00
10821 0 +1.904141070e+00 +2.102841411e+02 +2.102841411e+02 +2.5044e+00 -7.9928e-01 -1.4186e-01 +1.8923e+00 +1.5125e+00 +4.7735e-01 +8.5237e-01 +2.4248e+00 -7.4400e-01 +2.4528e+00
10883 0 +1.859692884e+00 +2.102396929e+02 +2.102396929e+02 +2.5070e+00 -7.9885e-01 -1.0428e-01 +1.9207e+00 +1.5043e+00 +5.0025e-01 +8.4033e-01 +2.4204e+00 -7.3268e-01 +2.4536e+00
11208 0 +1.817954141e+00 +2.101979541e+02 +2.101979541e+02 +2.5027e+00 -7.9601e-01 -1.0936e-01 +1.9263e+00 +1.4881e+00 +4.9200e-01 +8.2179e-01 +2.4274e+00 -7.2450e-01 +2.4498e+00
18401 0 +1.552791882e+00 +2.099327919e+02 +2.099327919e+02 +1.5011e+00 +7.3916e-01 +2.2941e+00 +2.1519e+00 +2.1332e+00 +2.0852e+00 +2.1723e+00 +1.5906e+00 -1.8253e+00 +1.0168e+00
18601 0 +1.532115067e+00 +2.099121151e+02 +2.099121151e+02 +1.5216e+00 +7.3064e-01 +2.3287e+00 +2.1390e+00 +2.1454e+00 +2.0373e+00 +2.1452e+00 +1.6238e+00 -1.7869e+00 +1.0801e+00
18802 0 +1.458055851e+00 +2.098380559e+02 +2.098380559e+02 +1.5011e+00 +7.3916e-01 +2.2941e+00 +2.1519e+00 +2.1332e+00 +2.0852e+00 +2.1723e+00 +1.5906e+00 -1.8253e+00 +2.2006e+00
19391 0 +1.248690316e+00 +2.096286903e+02 +2.096286903e+02 +1.5011e+00 +1.4359e+00 +2.2941e+00 +2.1519e+00 +2.1332e+00 +2.0852e+00 +2.1723e+00 +1.5906e+00 -1.8253e+00 +2.2006e+00
21375 0 +1.172311460e+00 +2.095523115e+02 +2.095523115e+02 +1.4462e+00 +1.5453e+00 +2.2410e+00 +2.1159e+00 +2.0441e+00 +2.0945e+00 +2.0899e+00 +1.6387e+00 -1.8353e+00 +2.1387e+00
21380 0 +1.119861649e+00 +2.094998616e+02 +2.094998616e+02 +1.4590e+00 +1.4759e+00 +2.1632e+00 +2.0769e+00 +2.1573e+00 +2.1055e+00 +2.0726e+00 +1.6544e+00 -1.8459e+00 +2.1462e+00
21384 0 +1.012248513e+00 +2.093922485e+02 +2.093922485e+02 +1.4685e+00 +1.4898e+00 +2.2360e+00 +2.0771e+00 +2.1123e+00 +2.1239e+00 +2.0749e+00 +1.6583e+00 -1.8590e+00 +2.1726e+00
21411 0 +9.920900588e-01 +2.093720901e+02 +2.093720901e+02 +1.4585e+00 +1.4949e+00 +2.2705e+00 +2.0610e+00 +2.0956e+00 +2.1005e+00 +2.1319e+00 +1.6542e+00 -1.8050e+00 +2.1775e+00
21412 0 +9.445658396e-01 +2.093245658e+02 +2.093245658e+02 +1.4809e+00 +1.4262e+00 +2.2554e+00 +2.0613e+00 +2.1055e+00 +2.1005e+00 +2.0880e+00 +1.6684e+00 -1.8445e+00 +2.1663e+00
21444 0 +9.294428580e-01 +2.093094429e+02 +2.093094429e+02 +1.4777e+00 +1.4462e+00 +2.2630e+00 +2.0549e+00 +2.1241e+00 +2.1158e+00 +2.0897e+00 +1.6604e+00 -1.8326e+00 +2.1788e+00
21568 0 +9.119319266e-01 +2.092919319e+02 +2.092919319e+02 +1.4904e+00 +1.4294e+00 +2.2705e+00 +2.0677e+00 +2.1146e+00 +2.0995e+00 +2.1057e+00 +1.6589e+00 -1.8265e+00 +2.1744e+00
40000 0 +9.080655787e-01 +2.092880656e+02 +2.092880656e+02 +1.5126e+00 +1.4455e+00 +2.2697e+00 +2.0636e+00 +2.1151e+00 +2.1023e+00 +2.1055e+00 +1.6612e+00 -1.8255e+00 +2.1747e+00
% f evaluations | g evaluations | best noise-free fitness - Fopt (-1.449600000000e+02) + sum g_i+ | measured fitness | best measured fitness or single-digit g-values | x1 | x2...
1 0 +3.945689752e+04 +3.931193752e+04 +3.931193752e+04 +2.7396e+00 -6.1122e-01 +3.5860e+00 +1.9737e+00 -4.0582e+00 +4.7562e+00 +2.6114e+00 +2.8606e+00 -3.7189e+00 -4.9614e-01
4 0 +2.276606693e+04 +2.262110693e+04 +2.262110693e+04 +2.4476e+00 +4.6751e+00 -1.7417e+00 -1.2954e+00 -3.0444e-01 -3.1053e+00 -3.7008e+00 -2.4295e-01 -2.7309e+00 +1.6981e+00
8 0 +1.567136501e+04 +1.552640501e+04 +1.552640501e+04 -2.8542e+00 -9.1471e-01 +3.5340e+00 -2.6606e+00 -4.4170e+00 -2.1862e+00 -2.0641e+00 +1.6192e+00 +5.7032e-01 +2.8390e+00
12 0 +1.230982843e+04 +1.216486843e+04 +1.216486843e+04 -4.4224e-01 -2.9764e+00 -1.9404e+00 +7.9220e-01 -3.2323e+00 +3.5661e+00 +2.5852e+00 +2.1946e+00 -6.7907e-01 +1.2731e+00
50 0 +8.815958303e+03 +8.670998303e+03 +8.670998303e+03 +2.0200e+00 +1.4795e+00 +1.5243e+00 -1.8379e+00 +2.8743e+00 +4.9144e-01 -6.8582e-01 +1.2601e+00 -1.3934e+00 +1.2739e-01
185 0 +7.337867967e+03 +7.192907967e+03 +7.192907967e+03 -1.6768e-01 -3.5287e+00 +6.4951e-01 +7.2431e-01 -3.4015e-01 +2.2632e-01 +6.8756e-01 +3.7918e+00 -1.3843e+00 -4.2301e-02
188 0 +6.414419670e+03 +6.269459670e+03 +6.269459670e+03 -2.2123e-01 -8.3111e-01 -2.0043e+00 -1.3249e+00 -1.3361e+00 -1.9677e+00 -1.2054e+00 +2.6644e+00 -2.7540e+00 +2.2888e+00
205 0 +5.926393261e+03 +5.781433261e+03 +5.781433261e+03 -1.4133e+00 -9.1331e-01 +1.0893e+00 +1.3315e+00 +1.7534e+00 +2.2884e+00 -1.0851e+00 +2.6832e+00 -4.8953e-01 +6.7934e-01
360 0 +5.678583176e+03 +5.533623176e+03 +5.533623176e+03 -1.3839e+00 -6.0644e-01 +1.3494e+00 +1.2802e+00 +1.6605e+00 +1.7294e+00 -1.4246e+00 +2.7855e+00 -5.3386e-01 +7.0343e-01
362 0 +4.344907271e+03 +4.199947271e+03 +4.199947271e+03 -2.9423e+00 +2.5960e-01 -2.0043e+00 -1.3249e+00 -1.3361e+00 -1.3817e+00 -1.2054e+00 +8.8795e-01 -3.2555e+00 +2.2888e+00
395 0 +3.946824406e+03 +3.801864406e+03 +3.801864406e+03 -2.6050e+00 -4.7955e+00 +6.2813e-02 -1.7111e+00 -2.2886e+00 +1.2963e+00 -3.0767e+00 +2.1666e+00 -1.3465e+00 +2.5809e+00
400 0 +3.851666846e+03 +3.706706846e+03 +3.706706846e+03 +9.1012e-01 +1.3460e+00 +1.2912e+00 -7.4129e-01 -2.0523e+00 -1.2908e+00 -6.3441e-02 +3.0825e+00 -1.4976e+00 +3.3711e-01
545 0 +2.783651890e+03 +2.638691890e+03 +2.638691890e+03 +1.7461e+00 -3.3683e+00 -2.7662e-01 +4.8812e-01 +1.0421e+00 +3.5661e+00 +1.0559e+00 +2.1946e+00 -2.5589e+00 +3.5700e-01
718 0 +2.725059452e+03 +2.580099452e+03 +2.580099452e+03 +1.4236e+00 -3.4308e+00 -9.4970e-02 +5.0249e-01 +1.3636e+00 +3.2209e+00 +6.8563e-01 +2.3632e+00 -2.3692e+00 +3.1466e-01
899 0 +5.279996919e+02 +3.830396919e+02 +3.830396919e+02 -3.2050e+00 +2.5699e-01 -2.0776e+00 +1.0876e+00 +4.3579e-02 -5.6418e-02 -2.0320e+00 +3.4365e-01 -1.8833e+00 +4.9202e-01
1476 0 +3.373117202e+02 +1.923517202e+02 +1.923517202e+02 +2.4445e+00 -1.2443e+00 +1.5243e+00 +6.9614e-01 -2.8795e-01 +4.9144e-01 -2.3265e+00 +1.5474e+00 -1.2789e+00 +2.4081e+00
1600 0 +5.376732585e+01 -9.119267415e+01 -9.119267415e+01 +2.5655e+00 -1.0545e+00 +1.3928e+00 +3.2826e-01 -6.2428e-01 +5.3958e-01 -2.0429e+00 +1.3079e+00 -1.3291e+00 +2.3439e+00
% f evaluations | g evaluations | best noise-free fitness - Fopt (-6.300000000000e+00) + sum g_i+ | measured fitness | best measured fitness or single-digit g-values | x1 | x2...
1 0 +1.684003844e+05 +1.683940844e+05 +1.683940844e+05 +2.7396e+00 -6.1122e-01 +3.5860e+00 +1.9737e+00 -4.0582e+00 +4.7562e+00 +2.6114e+00 +2.8606e+00 -3.7189e+00 -4.9614e-01
2 0 +2.168853441e+04 +2.168223441e+04 +2.168223441e+04 -1.2920e+00 +4.2676e+00 +1.4387e+00 +3.2276e+00 -5.6586e-01 -2.7276e+00 +5.4585e-01 -4.3618e+00 +3.2763e+00 +1.3166e+00
49 0 +4.991300808e+03 +4.985000808e+03 +4.985000808e+03 -9.1217e-01 -2.8237e+00 +8.8306e-01 -1.8296e+00 -4.6394e+00 -8.1600e-01 -2.5867e-01 -2.7441e+00 +7.2458e-01 +6.5772e-01
385 0 +1.181536005e+03 +1.175236005e+03 +1.175236005e+03 -2.0991e+00 -4.3987e-01 -1.0829e+00 +8.8147e-01 +1.3454e+00 -9.3797e-01 +8.8389e-01 -1.0151e+00 +2.5196e+00 +4.0857e-01
539 0 +4.785077401e+02 +4.722077401e+02 +4.722077401e+02 -2.1749e+00 -2.4774e-02 -1.2612e+00 +1.2264e+00 +1.0873e+00 -9.1993e-01 +1.1772e+00 -7.3459e-01 +2.4154e+00 +5.4618e-01
1429 0 +1.144591481e+02 +1.081591481e+02 +1.081591481e+02 -2.0463e+00 -3.9414e+00 +1.4932e+00 +3.1467e-01 -2.3884e+00 -2.0838e+00 +1.3384e+00 -2.1773e+00 +3.9211e-01 +2.0191e+00
1463 0 +8.399654920e+00 +2.099654920e+00 +2.099654920e+00 +2.3508e+00 -3.8712e-01 -1.4577e+00 +2.6049e+00 -2.0022e+00 -3.3995e-02 +1.5039e+00 -1.2689e+00 +9.3123e-01 +1.5837e+00
1960 0 +4.282588710e+00 -2.017411290e+00 -2.017411290e+00 -1.3166e+00 +1.3034e-01 +2.7051e-02 +1.7368e+00 +3.7666e-01 -9.5771e-01 +3.2346e-01 -1.6785e+00 +2.3244e+00 +6.4263e-01
% f evaluations | g evaluations | best noise-free fitness - Fopt (-5.465000000000e+02) + sum g_i+ | measured fitness | best measured fitness or single-digit g-values | x1 | x2...
1 0 +1.184985191e+05 +1.179520191e+05 +1.179520191e+05 +2.7396e+00 -6.1122e-01 +3.5860e+00 +1.9737e+00 -4.0582e+00 +4.7562e+00 +2.6114e+00 +2.8606e+00 -3.7189e+00 -4.9614e-01
3 0 +7.267790788e+04 +7.213140788e+04 +7.213140788e+04 +2.5809e+00 -1.4547e+00 +4.7070e+00 +3.9312e+00 +2.7838e+00 -3.0536e+00 -3.3279e-01 -4.5620e+00 -3.4571e+00 +1.8305e+00
4 0 +5.807164549e+03 +5.260664549e+03 +5.260664549e+03 +2.4476e+00 +4.6751e+00 -1.7417e+00 -1.2954e+00 -3.0444e-01 -3.1053e+00 -3.7008e+00 -2.4295e-01 -2.7309e+00 +1.6981e+00
50 0 +2.200572542e+03 +1.654072542e+03 +1.654072542e+03 +2.0200e+00 +1.4795e+00 +1.5243e+00 -1.8379e+00 +2.8743e+00 +4.9144e-01 -6.8582e-01 +1.2601e+00 -1.3934e+00 +1.2739e-01
217 0 +1.799474384e+03 +1.252974384e+03 +1.252974384e+03 -4.7076e-01 +2.7326e+00 +2.7788e+00 +1.7464e+00 +2.4824e+00 +1.3794e+00 -1.1055e+00 +1.3107e+00 -1.5233e+00 +7.0882e-01
360 0 +9.427976775e+02 +3.962976775e+02 +3.962976775e+02 -4.4142e-01 +3.0395e+00 +3.0389e+00 +1.6951e+00 +2.3895e+00 +8.2042e-01 -1.4451e+00 +1.4130e+00 -1.5676e+00 +7.3291e-01
731 0 +6.890865955e+02 +1.425865955e+02 +1.425865955e+02 -2.9294e-01 +6.6243e-01 +1.1967e+00 +4.9711e-01 +3.2998e+00 +9.5049e-01 -1.2256e+00 +2.9074e+00 -2.4019e-01 +1.9484e+00
1028 0 +1.595646597e+02 -3.869353403e+02 -3.869353403e+02 -1.4381e+00 +3.1015e+00 -2.7386e-01 +3.8488e-01 +9.5213e-01 +1.9218e-01 -1.9520e+00 +8.0007e-01 -1.8733e+00 +1.7537e+00
% f evaluations | g evaluations | best noise-free fitness - Fopt (1.000000000000e+03) + sum g_i+ | measured fitness | best measured fitness or single-digit g-values | x1 | x2...
1 0 +3.833904538e+04 +3.933904538e+04 +3.933904538e+04 +2.7396e+00 -6.1122e-01 +3.5860e+00 +1.9737e+00 -4.0582e+00 +4.7562e+00 +2.6114e+00 +2.8606e+00 -3.7189e+00 -4.9614e-01
4 0 +3.484028360e+04 +3.584028360e+04 +3.584028360e+04 +2.4476e+00 +4.6751e+00 -1.7417e+00 -1.2954e+00 -3.0444e-01 -3.1053e+00 -3.7008e+00 -2.4295e-01 -2.7309e+00 +1.6981e+00
12 0 +3.414303258e+04 +3.514303258e+04 +3.514303258e+04 -4.4224e-01 -2.9764e+00 -1.9404e+00 +7.9220e-01 -3.2323e+00 +3.5661e+00 +2.5852e+00 +2.1946e+00 -6.7907e-01 +1.2731e+00
20 0 +3.172199893e+04 +3.272199893e+04 +3.272199893e+04 +4.3681e+00 -2.5903e+00 -3.7724e+00 +3.3111e+00 -3.4672e+00 -3.2073e+00 +9.9383e-01 +3.7456e+00 -3.0357e+00 -1.8968e+00
21 0 +2.127894036e+04 +2.227894036e+04 +2.227894036e+04 +2.7740e+00 +4.7183e+00 +7.4119e-03 -3.5610e+00 -4.8606e+00 -2.7034e+00 -3.6818e+00 +1.7766e+00 -3.7817e+00 +6.3299e-02
25 0 +1.124483695e+04 +1.224483695e+04 +1.224483695e+04 +3.2943e+00 +2.9682e+00 -2.6736e+00 +3.0770e-01 +1.0602e+00 +3.6774e+00 +1.0311e+00 -8.7428e-01 -1.2582e+00 -7.4118e-01
50 0 +9.754626397e+03 +1.075462640e+04 +1.075462640e+04 +2.0200e+00 +1.4795e+00 +1.5243e+00 -1.8379e+00 +2.8743e+00 +4.9144e-01 -6.8582e-01 +1.2601e+00 -1.3934e+00 +1.2739e-01
155 0 +5.020272328e+03 +6.020272328e+03 +6.020272328e+03 +3.2056e+00 -2.5925e+00 -1.3919e+00 -3.2364e+00 -3.2515e-01 -1.0794e+00 -2.5907e+00 +2.5178e+00 -1.8615e+00 -2.2720e+00
277 0 +4.427655117e+03 +5.427655117e+03 +5.427655117e+03 +1.6568e+00 +9.2759e-01 -4.0956e+00 +1.4307e+00 -4.8969e+00 -5.4802e-03 -2.1809e+00 +2.3478e+00 -6.4582e-01 -2.0053e+00
457 0 +3.129530496e+03 +4.129530496e+03 +4.129530496e+03 +5.2993e-01 +2.4850e+00 +7.9826e-01 -1.3539e+00 -1.6197e+00 +3.5621e+00 +5.6974e-02 +2.4161e+00 -2.8161e+00 -8.8707e-01
720 0 +1.156516183e+03 +2.156516183e+03 +2.156516183e+03 -1.1854e+00 -4.6286e-01 -1.2008e+00 +1.2305e+00 +7.6847e-01 +1.1665e+00 -1.2533e+00 +2.3536e+00 -1.0710e+00 -1.0284e+00
726 0 +6.832585614e+02 +1.683258561e+03 +1.683258561e+03 +2.4348e-01 +4.9674e-01 -1.9957e+00 +3.6329e-02 -2.2768e+00 +2.6051e+00 -2.3016e+00 +2.6651e+00 -8.0469e-01 -2.0060e+00
896 0 +5.150559301e+02 +1.515055930e+03 +1.515055930e+03 +5.5647e-01 +8.3852e-01 -2.2166e+00 -4.4529e-02 -2.4976e+00 +2.5757e+00 -2.2753e+00 +2.5794e+00 -1.2481e+00 -2.1477e+00
897 0 +3.052660231e+02 +1.305266023e+03 +1.305266023e+03 +2.4348e-01 +4.9674e-01 -4.4529e-01 +3.4341e-02 -2.2768e+00 +2.6051e+00 -1.4744e+00 +2.6651e+00 -8.0469e-01 -1.4794e+00
1073 0 +1.188666939e+02 +1.118866694e+03 +1.118866694e+03 +2.0478e-01 +6.6011e-01 -1.4609e-01 -4.0993e-01 -1.9487e+00 +2.4846e+00 -1.5928e+00 +2.5866e+00 -7.3384e-01 -1.7254e+00
1249 0 +1.008640898e+02 +1.100864090e+03 +1.100864090e+03 +2.1483e-02 +4.9659e-01 -4.9737e-01 -4.0675e-01 -1.8567e+00 +2.1827e+00 -1.2558e+00 +2.6789e+00 -4.4352e-01 -1.8372e+00
1252 0 +3.341647434e+00 +1.003341647e+03 +1.003341647e+03 -1.1854e+00 -4.6286e-01 -3.9478e-01 +5.8823e-01 -5.0007e-01 +1.1665e+00 -1.2533e+00 +2.3536e+00 -1.9920e+00 -1.7726e+00
2636 0 +3.242487258e+00 +1.003242487e+03 +1.003242487e+03 -1.6909e+00 +1.1595e+00 -2.4014e+00 -2.0691e+00 -2.0602e+00 +4.3027e-01 -1.5955e+00 +1.6197e+00 -1.4973e+00 -1.9578e+00
3528 0 +2.991916628e+00 +1.002991917e+03 +1.002991917e+03 -3.0970e-01 -8.3017e-01 -2.8749e+00 +7.6424e-01 -9.1938e-01 +1.8277e+00 -9.4063e-01 +1.2908e+00 -2.2875e+00 -1.1877e+00
4322 0 +2.689721030e+00 +1.002689721e+03 +1.002689721e+03 +1.5929e+00 -1.1925e-02 -2.5147e+00 -1.2129e+00 -2.2655e+00 +6.6164e-01 -2.2457e+00 +1.1783e+00 -1.7142e+00 -2.1463e+00
4620 0 +2.473193856e+00 +1.002473194e+03 +1.002473194e+03 +1.3845e+00 -1.5010e-01 -2.5628e+00 -9.3884e-01 -2.3677e+00 +5.0369e-01 -2.4514e+00 +1.0626e+00 -1.7882e+00 -2.2275e+00
5748 0 +2.087569614e+00 +1.002087570e+03 +1.002087570e+03 -8.1969e-02 +2.5266e+00 -2.0029e+00 -2.1832e+00 -2.1111e+00 +1.7210e+00 -2.2383e+00 +2.1415e+00 -1.7842e+00 -1.3504e+00
8974 0 +1.962276609e+00 +1.001962277e+03 +1.001962277e+03 -6.3831e-01 +2.5006e+00 -1.1746e+00 -2.3474e+00 -1.8741e+00 +1.5880e+00 -1.3564e+00 +2.2503e+00 -2.0588e+00 -9.3632e-01
8975 0 +1.927651854e+00 +1.001927652e+03 +1.001927652e+03 -6.4594e-01 +2.4930e+00 -1.1649e+00 -2.3750e+00 -1.9080e+00 +1.5663e+00 -1.3576e+00 +2.2329e+00 -2.0460e+00 -9.3961e-01
8984 0 +1.796594692e+00 +1.001796595e+03 +1.001796595e+03 -6.1318e-01 +2.5065e+00 -1.1749e+00 -2.3385e+00 -1.9125e+00 +1.5955e+00 -1.3545e+00 +2.2624e+00 -2.0750e+00 -9.4365e-01
8985 0 +1.726890938e+00 +1.001726891e+03 +1.001726891e+03 -6.0704e-01 +2.5053e+00 -1.1700e+00 -2.3402e+00 -1.9481e+00 +1.5772e+00 -1.3593e+00 +2.2395e+00 -2.0871e+00 -9.5320e-01
8989 0 +1.653018171e+00 +1.001653018e+03 +1.001653018e+03 -6.3684e-01 +2.5162e+00 -1.1392e+00 -2.3015e+00 -1.9845e+00 +1.5962e+00 -1.3850e+00 +2.2421e+00 -2.0787e+00 -9.5446e-01
8997 0 +1.574312714e+00 +1.001574313e+03 +1.001574313e+03 -5.9760e-01 +2.5158e+00 -1.1520e+00 -2.3391e+00 -2.0164e+00 +1.5845e+00 -1.3660e+00 +2.2613e+00 -2.0864e+00 -9.5127e-01
9023 0 +1.538783100e+00 +1.001538783e+03 +1.001538783e+03 -6.0857e-01 +2.5346e+00 -1.1429e+00 -2.3357e+00 -2.0523e+00 +1.5700e+00 -1.3835e+00 +2.2544e+00 -2.0803e+00 -9.6314e-01
9057 0 +1.506001845e+00 +1.001506002e+03 +1.001506002e+03 -6.1185e-01 +2.5414e+00 -1.1471e+00 -2.3572e+00 -2.0509e+00 +1.5550e+00 -1.3891e+00 +2.2766e+00 -2.0562e+00 -9.6349e-01
9094 0 +1.478526021e+00 +1.001478526e+03 +1.001478526e+03 -6.0316e-01 +2.5370e+00 -1.1482e+00 -2.3449e+00 -2.0489e+00 +1.5552e+00 -1.4004e+00 +2.2835e+00 -2.0611e+00 -9.6862e-01
9170 0 +1.443118888e+00 +1.001443119e+03 +1.001443119e+03 -5.6923e-01 +2.5029e+00 -1.1609e+00 -2.3486e+00 -2.0385e+00 +1.5424e+00 -1.4141e+00 +2.2812e+00 -2.0671e+00 -9.7661e-01
9215 0 +1.411108246e+00 +1.001411108e+03 +1.001411108e+03 -4.9973e-01 +2.4722e+00 -1.1994e+00 -2.3317e+00 -2.0421e+00 +1.5336e+00 -1.4143e+00 +2.2859e+00 -2.0706e+00 -9.7768e-01
9448 0 +1.380064256e+00 +1.001380064e+03 +1.001380064e+03 -4.5016e-01 +2.4549e+00 -1.2153e+00 -2.3272e+00 -2.0692e+00 +1.5448e+00 -1.4191e+00 +2.2806e+00 -2.0685e+00 -9.7100e-01
9815 0 +1.348760235e+00 +1.001348760e+03 +1.001348760e+03 -4.0504e-01 +2.4650e+00 -1.2134e+00 -2.3316e+00 -2.0668e+00 +1.5502e+00 -1.4152e+00 +2.2657e+00 -2.0659e+00 -9.6152e-01
22822 0 +1.306021915e+00 +1.001306022e+03 +1.001306022e+03 -1.1844e+00 -8.2797e-01 -2.8560e+00 +5.4013e-01 -5.3686e-01 +2.3881e+00 -1.5297e+00 +2.2383e+00 -2.0511e+00 -2.0681e+00
22904 0 +1.272328475e+00 +1.001272328e+03 +1.001272328e+03 -1.1928e+00 -8.0668e-01 -2.8663e+00 +5.6267e-01 -5.6167e-01 +2.3894e+00 -1.5554e+00 +2.2469e+00 -2.0444e+00 -2.0777e+00
23858 0 +1.232807135e+00 +1.001232807e+03 +1.001232807e+03 -1.1384e+00 -7.9564e-01 -2.8133e+00 +4.9929e-01 -6.2363e-01 +2.3841e+00 -1.5608e+00 +2.2038e+00 -2.0584e+00 -2.0688e+00
23935 0 +1.153969970e+00 +1.001153970e+03 +1.001153970e+03 -1.1567e+00 -8.0163e-01 -2.8127e+00 +5.0598e-01 -6.2965e-01 +2.3910e+00 -1.5669e+00 +2.2335e+00 -2.0688e+00 -2.0742e+00
25432 0 +1.122009432e+00 +1.001122009e+03 +1.001122009e+03 -1.1558e+00 -8.8364e-01 -2.7840e+00 +5.0355e-01 -6.1798e-01 +2.3919e+00 -1.5446e+00 +2.2183e+00 -2.0530e+00 -2.1102e+00
25433 0 +1.004933929e+00 +1.001004934e+03 +1.001004934e+03 -1.1432e+00 -8.8551e-01 -2.7838e+00 +5.0999e-01 -5.9120e-01 +2.4225e+00 -1.5313e+00 +2.2466e+00 -2.0792e+00 -2.0960e+00
25447 0 +9.933873491e-01 +1.000993387e+03 +1.000993387e+03 -1.0587e+00 -9.1624e-01 -2.8027e+00 +5.0309e-01 -6.0809e-01 +2.4960e+00 -1.5112e+00 +2.2796e+00 -2.0996e+00 -2.0965e+00
25452 0 +9.512544888e-01 +1.000951254e+03 +1.000951254e+03 -1.1108e+00 -8.7833e-01 -2.7968e+00 +5.0038e-01 -6.2797e-01 +2.4750e+00 -1.5432e+00 +2.2255e+00 -2.0629e+00 -2.1110e+00
25457 0 +8.632108252e-01 +1.000863211e+03 +1.000863211e+03 -1.0614e+00 -8.8485e-01 -2.8166e+00 +5.2824e-01 -6.0883e-01 +2.4693e+00 -1.5269e+00 +2.2592e+00 -2.0664e+00 -2.1011e+00
25483 0 +8.497376558e-01 +1.000849738e+03 +1.000849738e+03 -1.0234e+00 -8.8284e-01 -2.8665e+00 +5.3607e-01 -5.9053e-01 +2.4780e+00 -1.5122e+00 +2.2610e+00 -2.0746e+00 -2.0961e+00
25502 0 +8.245697988e-01 +1.000824570e+03 +1.000824570e+03 -1.0362e+00 -8.6415e-01 -2.8515e+00 +5.2965e-01 -6.0242e-01 +2.4798e+00 -1.5174e+00 +2.2637e+00 -2.0575e+00 -2.1103e+00
25535 0 +8.099194039e-01 +1.000809919e+03 +1.000809919e+03 -1.0424e+00 -8.5522e-01 -2.8503e+00 +5.3289e-01 -6.0405e-01 +2.4725e+00 -1.5119e+00 +2.2504e+00 -2.0666e+00 -2.1099e+00
25631 0 +7.939536234e-01 +1.000793954e+03 +1.000793954e+03 -1.0292e+00 -8.2833e-01 -2.8331e+00 +5.4408e-01 -5.9832e-01 +2.4794e+00 -1.5026e+00 +2.2577e+00 -2.0644e+00 -2.1173e+00
40000 0 +7.895943426e-01 +1.000789594e+03 +1.000789594e+03 -1.0191e+00 -8.0681e-01 -2.8328e+00 +5.4169e-01 -5.9786e-01 +2.4816e+00 -1.5067e+00 +2.2544e+00 -2.0675e+00 -2.1142e+00
% f evaluations | g evaluations | best noise-free fitness - Fopt (2.083800000000e+02) + sum g_i+ | measured fitness | best measured fitness or single-digit g-values | x1 | x2...
1 0 +2.829246495e+04 +2.850084495e+04 +2.850084495e+04 +2.7396e+00 -6.1122e-01 +3.5860e+00 +1.9737e+00 -4.0582e+00 +4.7562e+00 +2.6114e+00 +2.8606e+00 -3.7189e+00 -4.9614e-01
7 0 +2.368500599e+04 +2.389338599e+04 +2.389338599e+04 +1.6840e+00 -2.8904e-01 +6.5236e-01 +2.6500e+00 +1.3472e+00 +5.3579e-01 +5.9207e-01 -1.9605e+00 -4.6918e+00 -6.3283e-01
12 0 +1.333764341e+04 +1.354602341e+04 +1.354602341e+04 -4.4224e-01 -2.9764e+00 -1.9404e+00 +7.9220e-01 -3.2323e+00 +3.5661e+00 +2.5852e+00 +2.1946e+00 -6.7907e-01 +1.2731e+00
36 0 +4.355701570e+03 +4.564081570e+03 +4.564081570e+03 +1.1617e+00 -3.2871e+00 +6.4951e-01 +7.2431e-01 -3.4015e-01 +2.2632e-01 +2.6392e+00 +2.9924e+00 -7.8468e-02 +9.9593e-01
151 0 +2.446051706e+03 +2.654431706e+03 +2.654431706e+03 +1.7185e+00 +4.6059e+00 -1.2909e+00 -7.4918e-01 +3.1212e+00 +5.7623e-02 +2.3657e+00 -4.0291e-01 -2.8450e+00 +2.4520e+00
458 0 +2.165410408e+03 +2.373790408e+03 +2.373790408e+03 +2.4172e+00 +2.4432e-01 +1.6968e+00 -1.8685e+00 +1.7019e+00 +7.8157e-01 +1.9960e+00 +2.9810e+00 -8.3581e-01 +7.0683e-01
697 0 +1.440261382e+03 +1.648641382e+03 +1.648641382e+03 -1.6345e+00 +2.4089e-01 -1.8967e+00 +2.0056e+00 +2.2901e+00 -3.1069e-01 +3.2454e+00 -3.0658e-01 -6.4497e-01 +1.1377e+00
765 0 +4.734950873e+02 +6.818750873e+02 +6.818750873e+02 -4.5749e-01 -1.2199e-01 -1.7050e+00 +1.0525e+00 +1.5917e+00 +6.6938e-01 +1.7763e-01 +2.0982e+00 -1.6487e+00 +1.0680e+00
1073 0 +3.467263313e+02 +5.551063313e+02 +5.551063313e+02 +2.0737e-01 -3.2025e-01 -9.0751e-01 +1.3219e+00 +1.6548e+00 +2.3556e-01 +6.0666e-03 +2.0272e+00 -1.7157e+00 +1.0326e+00
1249 0 +2.507117205e+02 +4.590917205e+02 +4.590917205e+02 +7.0413e-02 -4.7446e-01 -8.3646e-01 +1.5668e+00 +1.4502e+00 +2.7339e-01 +6.1111e-02 +2.1344e+00 -2.2260e+00 +7.5618e-01
1254 0 +1.162003833e+02 +3.245803833e+02 +3.245803833e+02 +2.4172e+00 -6.2821e-01 -3.4354e-01 +1.1006e+00 +1.7019e+00 +9.6671e-01 +1.3188e+00 +6.2968e-01 -1.2035e+00 +7.0683e-01
1425 0 +4.919057755e+00 +2.132990578e+02 +2.132990578e+02 +2.4290e+00 -4.0014e-01 -4.2228e-01 +1.1462e+00 +1.7169e+00 +6.8938e-01 +1.3401e+00 +9.1817e-01 -7.9748e-01 +1.0171e+00
1664 0 +3.767527026e+00 +2.121475270e+02 +2.121475270e+02 -2.3303e-01 -3.0052e-01 -3.7093e-01 +2.7958e+00 +1.2133e+00 +5.6107e-01 +2.4413e+00 +1.0174e+00 -9.4621e-01 +2.1107e+00
2360 0 +3.623480460e+00 +2.120034805e+02 +2.120034805e+02 +1.4107e+00 +8.8378e-01 +1.0154e+00 +2.3715e-01 +2.2923e+00 +9.6305e-01 +7.0413e-01 +2.0814e+00 -1.7453e+00 +1.8327e+00
2463 0 +3.165526903e+00 +2.115455269e+02 +2.115455269e+02 +1.4268e+00 +6.2637e-01 +1.1190e+00 +4.8026e-01 +1.9887e+00 +9.5797e-01 +6.7618e-01 +1.7440e+00 -1.5899e+00 +1.9388e+00
2486 0 +2.995747592e+00 +2.113757476e+02 +2.113757476e+02 -2.2229e+00 -7.2005e-01 +1.7784e+00 +1.4429e+00 +2.1041e+00 +8.0301e-01 +8.3183e-01 +2.4301e+00 -2.0997e+00 +1.3969e+00
2997 0 +2.270259360e+00 +2.106502594e+02 +2.106502594e+02 +1.5639e+00 +4.3502e-01 +6.7751e-01 +2.4371e+00 +1.9243e+00 +8.0956e-01 +7.7544e-01 +1.9676e+00 -1.7156e+00 +2.2100e+00
6532 0 +2.234363099e+00 +2.106143631e+02 +2.106143631e+02 +2.5000e+00 -7.9700e-01 -7.0023e-01 +2.7743e+00 +1.9130e+00 -1.0076e-01 +8.9205e-01 +2.3960e+00 -1.0522e+00 +2.3557e+00
6615 0 +2.187552876e+00 +2.105675529e+02 +2.105675529e+02 +2.5021e+00 -7.9781e-01 -6.9560e-01 +2.7564e+00 +1.8975e+00 -1.0010e-01 +9.1951e-01 +2.3906e+00 -1.0428e+00 +2.3635e+00
6668 0 +2.137820976e+00 +2.105178210e+02 +2.105178210e+02 +2.5050e+00 -7.7816e-01 -7.1475e-01 +2.7437e+00 +1.9293e+00 -9.6150e-02 +9.4971e-01 +2.3910e+00 -1.0534e+00 +2.3767e+00
6732 0 +2.088560529e+00 +2.104685605e+02 +2.104685605e+02 +2.5014e+00 -7.9180e-01 -6.9940e-01 +2.7788e+00 +1.9267e+00 -9.4975e-02 +9.7105e-01 +2.3738e+00 -1.0629e+00 +2.3592e+00
6997 0 +2.040232903e+00 +2.104202329e+02 +2.104202329e+02 +2.5018e+00 -7.9712e-01 -7.1506e-01 +2.7887e+00 +1.9276e+00 -9.2939e-02 +9.7367e-01 +2.3744e+00 -1.0790e+00 +2.3599e+00
7026 0 +1.992721219e+00 +2.103727212e+02 +2.103727212e+02 +2.5009e+00 -7.9617e-01 -7.3379e-01 +2.8036e+00 +1.9142e+00 -9.3690e-02 +9.6055e-01 +2.3767e+00 -1.0785e+00 +2.3642e+00
10783 0 +1.942941970e+00 +2.103229420e+02 +2.103229420e+02 +2.5038e+00 -7.9851e-01 -2.0585e-01 +1.9490e+00 +1.4988e+00 +4.4020e-01 +8.7312e-01 +2.4089e+00 -7.4850e-01 +2.4565e+00
10821 0 +1.904141070e+00 +2.102841411e+02 +2.102841411e+02 +2.5044e+00 -7.9928e-01 -1.4186e-01 +1.8923e+00 +1.5125e+00 +4.7735e-01 +8.5237e-01 +2.4248e+00 -7.4400e-01 +2.4528e+00
10883 0 +1.859692884e+00 +2.102396929e+02 +2.102396929e+02 +2.5070e+00 -7.9885e-01 -1.0428e-01 +1.9207e+00 +1.5043e+00 +5.0025e-01 +8.4033e-01 +2.4204e+00 -7.3268e-01 +2.4536e+00
11208 0 +1.817954141e+00 +2.101979541e+02 +2.101979541e+02 +2.5027e+00 -7.9601e-01 -1.0936e-01 +1.9263e+00 +1.4881e+00 +4.9200e-01 +8.2179e-01 +2.4274e+00 -7.2450e-01 +2.4498e+00
18401 0 +1.552791882e+00 +2.099327919e+02 +2.099327919e+02 +1.5011e+00 +7.3916e-01 +2.2941e+00 +2.1519e+00 +2.1332e+00 +2.0852e+00 +2.1723e+00 +1.5906e+00 -1.8253e+00 +1.0168e+00
18601 0 +1.532115067e+00 +2.099121151e+02 +2.099121151e+02 +1.5216e+00 +7.3064e-01 +2.3287e+00 +2.1390e+00 +2.1454e+00 +2.0373e+00 +2.1452e+00 +1.6238e+00 -1.7869e+00 +1.0801e+00
18802 0 +1.458055851e+00 +2.098380559e+02 +2.098380559e+02 +1.5011e+00 +7.3916e-01 +2.2941e+00 +2.1519e+00 +2.1332e+00 +2.0852e+00 +2.1723e+00 +1.5906e+00 -1.8253e+00 +2.2006e+00
19391 0 +1.248690316e+00 +2.096286903e+02 +2.096286903e+02 +1.5011e+00 +1.4359e+00 +2.2941e+00 +2.1519e+00 +2.1332e+00 +2.0852e+00 +2.1723e+00 +1.5906e+00 -1.8253e+00 +2.2006e+00
21375 0 +1.172311460e+00 +2.095523115e+02 +2.095523115e+02 +1.4462e+00 +1.5453e+00 +2.2410e+00 +2.1159e+00 +2.0441e+00 +2.0945e+00 +2.0899e+00 +1.6387e+00 -1.8353e+00 +2.1387e+00
21380 0 +1.119861649e+00 +2.094998616e+02 +2.094998616e+02 +1.4590e+00 +1.4759e+00 +2.1632e+00 +2.0769e+00 +2.1573e+00 +2.1055e+00 +2.0726e+00 +1.6544e+00 -1.8459e+00 +2.1462e+00
21384 0 +1.012248513e+00 +2.093922485e+02 +2.093922485e+02 +1.4685e+00 +1.4898e+00 +2.2360e+00 +2.0771e+00 +2.1123e+00 +2.1239e+00 +2.0749e+00 +1.6583e+00 -1.8590e+00 +2.1726e+00
21411 0 +9.920900588e-01 +2.093720901e+02 +2.093720901e+02 +1.4585e+00 +1.4949e+00 +2.2705e+00 +2.0610e+00 +2.0956e+00 +2.1005e+00 +2.1319e+00 +1.6542e+00 -1.8050e+00 +2.1775e+00
21412 0 +9.445658396e-01 +2.093245658e+02 +2.093245658e+02 +1.4809e+00 +1.4262e+00 +2.2554e+00 +2.0613e+00 +2.1055e+00 +2.1005e+00 +2.0880e+00 +1.6684e+00 -1.8445e+00 +2.1663e+00
21444 0 +9.294428580e-01 +2.093094429e+02 +2.093094429e+02 +1.4777e+00 +1.4462e+00 +2.2630e+00 +2.0549e+00 +2.1241e+00 +2.1158e+00 +2.0897e+00 +1.6604e+00 -1.8326e+00 +2.1788e+00
21568 0 +9.119319266e-01 +2.092919319e+02 +2.092919319e+02 +1.4904e+00 +1.4294e+00 +2.2705e+00 +2.0677e+00 +2.1146e+00 +2.0995e+00 +2.1057e+00 +1.6589e+00 -1.8265e+00 +2.1744e+00
40000 0 +9.080655787e-01 +2.092880656e+02 +2.092880656e+02 +1.5126e+00 +1.4455e+00 +2.2697e+00 +2.0636e+00 +2.1151e+00 +2.1023e+00 +2.1055e+00 +1.6612e+00 -1.8255e+00 +2.1747e+00
% f evaluations | g evaluations | best noise-free fitness - Fopt (-1.449600000000e+02) + sum g_i+ | measured fitness | best measured fitness or single-digit g-values | x1 | x2...
1 0 +3.945689752e+04 +3.931193752e+04 +3.931193752e+04 +2.7396e+00 -6.1122e-01 +3.5860e+00 +1.9737e+00 -4.0582e+00 +4.7562e+00 +2.6114e+00 +2.8606e+00 -3.7189e+00 -4.9614e-01
4 0 +2.276606693e+04 +2.262110693e+04 +2.262110693e+04 +2.4476e+00 +4.6751e+00 -1.7417e+00 -1.2954e+00 -3.0444e-01 -3.1053e+00 -3.7008e+00 -2.4295e-01 -2.7309e+00 +1.6981e+00
8 0 +1.567136501e+04 +1.552640501e+04 +1.552640501e+04 -2.8542e+00 -9.1471e-01 +3.5340e+00 -2.6606e+00 -4.4170e+00 -2.1862e+00 -2.0641e+00 +1.6192e+00 +5.7032e-01 +2.8390e+00
12 0 +1.230982843e+04 +1.216486843e+04 +1.216486843e+04 -4.4224e-01 -2.9764e+00 -1.9404e+00 +7.9220e-01 -3.2323e+00 +3.5661e+00 +2.5852e+00 +2.1946e+00 -6.7907e-01 +1.2731e+00
50 0 +8.815958303e+03 +8.670998303e+03 +8.670998303e+03 +2.0200e+00 +1.4795e+00 +1.5243e+00 -1.8379e+00 +2.8743e+00 +4.9144e-01 -6.8582e-01 +1.2601e+00 -1.3934e+00 +1.2739e-01
185 0 +7.337867967e+03 +7.192907967e+03 +7.192907967e+03 -1.6768e-01 -3.5287e+00 +6.4951e-01 +7.2431e-01 -3.4015e-01 +2.2632e-01 +6.8756e-01 +3.7918e+00 -1.3843e+00 -4.2301e-02
188 0 +6.414419670e+03 +6.269459670e+03 +6.269459670e+03 -2.2123e-01 -8.3111e-01 -2.0043e+00 -1.3249e+00 -1.3361e+00 -1.9677e+00 -1.2054e+00 +2.6644e+00 -2.7540e+00 +2.2888e+00
205 0 +5.926393261e+03 +5.781433261e+03 +5.781433261e+03 -1.4133e+00 -9.1331e-01 +1.0893e+00 +1.3315e+00 +1.7534e+00 +2.2884e+00 -1.0851e+00 +2.6832e+00 -4.8953e-01 +6.7934e-01
360 0 +5.678583176e+03 +5.533623176e+03 +5.533623176e+03 -1.3839e+00 -6.0644e-01 +1.3494e+00 +1.2802e+00 +1.6605e+00 +1.7294e+00 -1.4246e+00 +2.7855e+00 -5.3386e-01 +7.0343e-01
362 0 +4.344907271e+03 +4.199947271e+03 +4.199947271e+03 -2.9423e+00 +2.5960e-01 -2.0043e+00 -1.3249e+00 -1.3361e+00 -1.3817e+00 -1.2054e+00 +8.8795e-01 -3.2555e+00 +2.2888e+00
395 0 +3.946824406e+03 +3.801864406e+03 +3.801864406e+03 -2.6050e+00 -4.7955e+00 +6.2813e-02 -1.7111e+00 -2.2886e+00 +1.2963e+00 -3.0767e+00 +2.1666e+00 -1.3465e+00 +2.5809e+00
400 0 +3.851666846e+03 +3.706706846e+03 +3.706706846e+03 +9.1012e-01 +1.3460e+00 +1.2912e+00 -7.4129e-01 -2.0523e+00 -1.2908e+00 -6.3441e-02 +3.0825e+00 -1.4976e+00 +3.3711e-01
545 0 +2.783651890e+03 +2.638691890e+03 +2.638691890e+03 +1.7461e+00 -3.3683e+00 -2.7662e-01 +4.8812e-01 +1.0421e+00 +3.5661e+00 +1.0559e+00 +2.1946e+00 -2.5589e+00 +3.5700e-01
718 0 +2.725059452e+03 +2.580099452e+03 +2.580099452e+03 +1.4236e+00 -3.4308e+00 -9.4970e-02 +5.0249e-01 +1.3636e+00 +3.2209e+00 +6.8563e-01 +2.3632e+00 -2.3692e+00 +3.1466e-01
899 0 +5.279996919e+02 +3.830396919e+02 +3.830396919e+02 -3.2050e+00 +2.5699e-01 -2.0776e+00 +1.0876e+00 +4.3579e-02 -5.6418e-02 -2.0320e+00 +3.4365e-01 -1.8833e+00 +4.9202e-01
1476 0 +3.373117202e+02 +1.923517202e+02 +1.923517202e+02 +2.4445e+00 -1.2443e+00 +1.5243e+00 +6.9614e-01 -2.8795e-01 +4.9144e-01 -2.3265e+00 +1.5474e+00 -1.2789e+00 +2.4081e+00
1600 0 +5.376732585e+01 -9.119267415e+01 -9.119267415e+01 +2.5655e+00 -1.0545e+00 +1.3928e+00 +3.2826e-01 -6.2428e-01 +5.3958e-01 -2.0429e+00 +1.3079e+00 -1.3291e+00 +2.3439e+00
% f evaluations | g evaluations | best noise-free fitness - Fopt (-6.300000000000e+00) + sum g_i+ | measured fitness | best measured fitness or single-digit g-values | x1 | x2...
1 0 +1.684003844e+05 +1.683940844e+05 +1.683940844e+05 +2.7396e+00 -6.1122e-01 +3.5860e+00 +1.9737e+00 -4.0582e+00 +4.7562e+00 +2.6114e+00 +2.8606e+00 -3.7189e+00 -4.9614e-01
2 0 +2.168853441e+04 +2.168223441e+04 +2.168223441e+04 -1.2920e+00 +4.2676e+00 +1.4387e+00 +3.2276e+00 -5.6586e-01 -2.7276e+00 +5.4585e-01 -4.3618e+00 +3.2763e+00 +1.3166e+00
49 0 +4.991300808e+03 +4.985000808e+03 +4.985000808e+03 -9.1217e-01 -2.8237e+00 +8.8306e-01 -1.8296e+00 -4.6394e+00 -8.1600e-01 -2.5867e-01 -2.7441e+00 +7.2458e-01 +6.5772e-01
385 0 +1.181536005e+03 +1.175236005e+03 +1.175236005e+03 -2.0991e+00 -4.3987e-01 -1.0829e+00 +8.8147e-01 +1.3454e+00 -9.3797e-01 +8.8389e-01 -1.0151e+00 +2.5196e+00 +4.0857e-01
539 0 +4.785077401e+02 +4.722077401e+02 +4.722077401e+02 -2.1749e+00 -2.4774e-02 -1.2612e+00 +1.2264e+00 +1.0873e+00 -9.1993e-01 +1.1772e+00 -7.3459e-01 +2.4154e+00 +5.4618e-01
1429 0 +1.144591481e+02 +1.081591481e+02 +1.081591481e+02 -2.0463e+00 -3.9414e+00 +1.4932e+00 +3.1467e-01 -2.3884e+00 -2.0838e+00 +1.3384e+00 -2.1773e+00 +3.9211e-01 +2.0191e+00
1463 0 +8.399654920e+00 +2.099654920e+00 +2.099654920e+00 +2.3508e+00 -3.8712e-01 -1.4577e+00 +2.6049e+00 -2.0022e+00 -3.3995e-02 +1.5039e+00 -1.2689e+00 +9.3123e-01 +1.5837e+00
1960 0 +4.282588710e+00 -2.017411290e+00 -2.017411290e+00 -1.3166e+00 +1.3034e-01 +2.7051e-02 +1.7368e+00 +3.7666e-01 -9.5771e-01 +3.2346e-01 -1.6785e+00 +2.3244e+00 +6.4263e-01
% f evaluations | g evaluations | best noise-free fitness - Fopt (-5.465000000000e+02) + sum g_i+ | measured fitness | best measured fitness or single-digit g-values | x1 | x2...
1 0 +1.184985191e+05 +1.179520191e+05 +1.179520191e+05 +2.7396e+00 -6.1122e-01 +3.5860e+00 +1.9737e+00 -4.0582e+00 +4.7562e+00 +2.6114e+00 +2.8606e+00 -3.7189e+00 -4.9614e-01
3 0 +7.267790788e+04 +7.213140788e+04 +7.213140788e+04 +2.5809e+00 -1.4547e+00 +4.7070e+00 +3.9312e+00 +2.7838e+00 -3.0536e+00 -3.3279e-01 -4.5620e+00 -3.4571e+00 +1.8305e+00
4 0 +5.807164549e+03 +5.260664549e+03 +5.260664549e+03 +2.4476e+00 +4.6751e+00 -1.7417e+00 -1.2954e+00 -3.0444e-01 -3.1053e+00 -3.7008e+00 -2.4295e-01 -2.7309e+00 +1.6981e+00
50 0 +2.200572542e+03 +1.654072542e+03 +1.654072542e+03 +2.0200e+00 +1.4795e+00 +1.5243e+00 -1.8379e+00 +2.8743e+00 +4.9144e-01 -6.8582e-01 +1.2601e+00 -1.3934e+00 +1.2739e-01
217 0 +1.799474384e+03 +1.252974384e+03 +1.252974384e+03 -4.7076e-01 +2.7326e+00 +2.7788e+00 +1.7464e+00 +2.4824e+00 +1.3794e+00 -1.1055e+00 +1.3107e+00 -1.5233e+00 +7.0882e-01
360 0 +9.427976775e+02 +3.962976775e+02 +3.962976775e+02 -4.4142e-01 +3.0395e+00 +3.0389e+00 +1.6951e+00 +2.3895e+00 +8.2042e-01 -1.4451e+00 +1.4130e+00 -1.5676e+00 +7.3291e-01
731 0 +6.890865955e+02 +1.425865955e+02 +1.425865955e+02 -2.9294e-01 +6.6243e-01 +1.1967e+00 +4.9711e-01 +3.2998e+00 +9.5049e-01 -1.2256e+00 +2.9074e+00 -2.4019e-01 +1.9484e+00
1028 0 +1.595646597e+02 -3.869353403e+02 -3.869353403e+02 -1.4381e+00 +3.1015e+00 -2.7386e-01 +3.8488e-01 +9.5213e-01 +1.9218e-01 -1.9520e+00 +8.0007e-01 -1.8733e+00 +1.7537e+00
% f evaluations | g evaluations | best noise-free fitness - Fopt (1.000000000000e+03) + sum g_i+ | measured fitness | best measured fitness or single-digit g-values | x1 | x2...
1 0 +3.833904538e+04 +3.933904538e+04 +3.933904538e+04 +2.7396e+00 -6.1122e-01 +3.5860e+00 +1.9737e+00 -4.0582e+00 +4.7562e+00 +2.6114e+00 +2.8606e+00 -3.7189e+00 -4.9614e-01
4 0 +3.484028360e+04 +3.584028360e+04 +3.584028360e+04 +2.4476e+00 +4.6751e+00 -1.7417e+00 -1.2954e+00 -3.0444e-01 -3.1053e+00 -3.7008e+00 -2.4295e-01 -2.7309e+00 +1.6981e+00
12 0 +3.414303258e+04 +3.514303258e+04 +3.514303258e+04 -4.4224e-01 -2.9764e+00 -1.9404e+00 +7.9220e-01 -3.2323e+00 +3.5661e+00 +2.5852e+00 +2.1946e+00 -6.7907e-01 +1.2731e+00
20 0 +3.172199893e+04 +3.272199893e+04 +3.272199893e+04 +4.3681e+00 -2.5903e+00 -3.7724e+00 +3.3111e+00 -3.4672e+00 -3.2073e+00 +9.9383e-01 +3.7456e+00 -3.0357e+00 -1.8968e+00
21 0 +2.127894036e+04 +2.227894036e+04 +2.227894036e+04 +2.7740e+00 +4.7183e+00 +7.4119e-03 -3.5610e+00 -4.8606e+00 -2.7034e+00 -3.6818e+00 +1.7766e+00 -3.7817e+00 +6.3299e-02
25 0 +1.124483695e+04 +1.224483695e+04 +1.224483695e+04 +3.2943e+00 +2.9682e+00 -2.6736e+00 +3.0770e-01 +1.0602e+00 +3.6774e+00 +1.0311e+00 -8.7428e-01 -1.2582e+00 -7.4118e-01
50 0 +9.754626397e+03 +1.075462640e+04 +1.075462640e+04 +2.0200e+00 +1.4795e+00 +1.5243e+00 -1.8379e+00 +2.8743e+00 +4.9144e-01 -6.8582e-01 +1.2601e+00 -1.3934e+00 +1.2739e-01
155 0 +5.020272328e+03 +6.020272328e+03 +6.020272328e+03 +3.2056e+00 -2.5925e+00 -1.3919e+00 -3.2364e+00 -3.2515e-01 -1.0794e+00 -2.5907e+00 +2.5178e+00 -1.8615e+00 -2.2720e+00
277 0 +4.427655117e+03 +5.427655117e+03 +5.427655117e+03 +1.6568e+00 +9.2759e-01 -4.0956e+00 +1.4307e+00 -4.8969e+00 -5.4802e-03 -2.1809e+00 +2.3478e+00 -6.4582e-01 -2.0053e+00
457 0 +3.129530496e+03 +4.129530496e+03 +4.129530496e+03 +5.2993e-01 +2.4850e+00 +7.9826e-01 -1.3539e+00 -1.6197e+00 +3.5621e+00 +5.6974e-02 +2.4161e+00 -2.8161e+00 -8.8707e-01
720 0 +1.156516183e+03 +2.156516183e+03 +2.156516183e+03 -1.1854e+00 -4.6286e-01 -1.2008e+00 +1.2305e+00 +7.6847e-01 +1.1665e+00 -1.2533e+00 +2.3536e+00 -1.0710e+00 -1.0284e+00
726 0 +6.832585614e+02 +1.683258561e+03 +1.683258561e+03 +2.4348e-01 +4.9674e-01 -1.9957e+00 +3.6329e-02 -2.2768e+00 +2.6051e+00 -2.3016e+00 +2.6651e+00 -8.0469e-01 -2.0060e+00
896 0 +5.150559301e+02 +1.515055930e+03 +1.515055930e+03 +5.5647e-01 +8.3852e-01 -2.2166e+00 -4.4529e-02 -2.4976e+00 +2.5757e+00 -2.2753e+00 +2.5794e+00 -1.2481e+00 -2.1477e+00
897 0 +3.052660231e+02 +1.305266023e+03 +1.305266023e+03 +2.4348e-01 +4.9674e-01 -4.4529e-01 +3.4341e-02 -2.2768e+00 +2.6051e+00 -1.4744e+00 +2.6651e+00 -8.0469e-01 -1.4794e+00
1073 0 +1.188666939e+02 +1.118866694e+03 +1.118866694e+03 +2.0478e-01 +6.6011e-01 -1.4609e-01 -4.0993e-01 -1.9487e+00 +2.4846e+00 -1.5928e+00 +2.5866e+00 -7.3384e-01 -1.7254e+00
1249 0 +1.008640898e+02 +1.100864090e+03 +1.100864090e+03 +2.1483e-02 +4.9659e-01 -4.9737e-01 -4.0675e-01 -1.8567e+00 +2.1827e+00 -1.2558e+00 +2.6789e+00 -4.4352e-01 -1.8372e+00
1252 0 +3.341647434e+00 +1.003341647e+03 +1.003341647e+03 -1.1854e+00 -4.6286e-01 -3.9478e-01 +5.8823e-01 -5.0007e-01 +1.1665e+00 -1.2533e+00 +2.3536e+00 -1.9920e+00 -1.7726e+00
2636 0 +3.242487258e+00 +1.003242487e+03 +1.003242487e+03 -1.6909e+00 +1.1595e+00 -2.4014e+00 -2.0691e+00 -2.0602e+00 +4.3027e-01 -1.5955e+00 +1.6197e+00 -1.4973e+00 -1.9578e+00
3528 0 +2.991916628e+00 +1.002991917e+03 +1.002991917e+03 -3.0970e-01 -8.3017e-01 -2.8749e+00 +7.6424e-01 -9.1938e-01 +1.8277e+00 -9.4063e-01 +1.2908e+00 -2.2875e+00 -1.1877e+00
4322 0 +2.689721030e+00 +1.002689721e+03 +1.002689721e+03 +1.5929e+00 -1.1925e-02 -2.5147e+00 -1.2129e+00 -2.2655e+00 +6.6164e-01 -2.2457e+00 +1.1783e+00 -1.7142e+00 -2.1463e+00
4620 0 +2.473193856e+00 +1.002473194e+03 +1.002473194e+03 +1.3845e+00 -1.5010e-01 -2.5628e+00 -9.3884e-01 -2.3677e+00 +5.0369e-01 -2.4514e+00 +1.0626e+00 -1.7882e+00 -2.2275e+00
5748 0 +2.087569614e+00 +1.002087570e+03 +1.002087570e+03 -8.1969e-02 +2.5266e+00 -2.0029e+00 -2.1832e+00 -2.1111e+00 +1.7210e+00 -2.2383e+00 +2.1415e+00 -1.7842e+00 -1.3504e+00
8974 0 +1.962276609e+00 +1.001962277e+03 +1.001962277e+03 -6.3831e-01 +2.5006e+00 -1.1746e+00 -2.3474e+00 -1.8741e+00 +1.5880e+00 -1.3564e+00 +2.2503e+00 -2.0588e+00 -9.3632e-01
8975 0 +1.927651854e+00 +1.001927652e+03 +1.001927652e+03 -6.4594e-01 +2.4930e+00 -1.1649e+00 -2.3750e+00 -1.9080e+00 +1.5663e+00 -1.3576e+00 +2.2329e+00 -2.0460e+00 -9.3961e-01
8984 0 +1.796594692e+00 +1.001796595e+03 +1.001796595e+03 -6.1318e-01 +2.5065e+00 -1.1749e+00 -2.3385e+00 -1.9125e+00 +1.5955e+00 -1.3545e+00 +2.2624e+00 -2.0750e+00 -9.4365e-01
8985 0 +1.726890938e+00 +1.001726891e+03 +1.001726891e+03 -6.0704e-01 +2.5053e+00 -1.1700e+00 -2.3402e+00 -1.9481e+00 +1.5772e+00 -1.3593e+00 +2.2395e+00 -2.0871e+00 -9.5320e-01
8989 0 +1.653018171e+00 +1.001653018e+03 +1.001653018e+03 -6.3684e-01 +2.5162e+00 -1.1392e+00 -2.3015e+00 -1.9845e+00 +1.5962e+00 -1.3850e+00 +2.2421e+00 -2.0787e+00 -9.5446e-01
8997 0 +1.574312714e+00 +1.001574313e+03 +1.001574313e+03 -5.9760e-01 +2.5158e+00 -1.1520e+00 -2.3391e+00 -2.0164e+00 +1.5845e+00 -1.3660e+00 +2.2613e+00 -2.0864e+00 -9.5127e-01
9023 0 +1.538783100e+00 +1.001538783e+03 +1.001538783e+03 -6.0857e-01 +2.5346e+00 -1.1429e+00 -2.3357e+00 -2.0523e+00 +1.5700e+00 -1.3835e+00 +2.2544e+00 -2.0803e+00 -9.6314e-01
9057 0 +1.506001845e+00 +1.001506002e+03 +1.001506002e+03 -6.1185e-01 +2.5414e+00 -1.1471e+00 -2.3572e+00 -2.0509e+00 +1.5550e+00 -1.3891e+00 +2.2766e+00 -2.0562e+00 -9.6349e-01
9094 0 +1.478526021e+00 +1.001478526e+03 +1.001478526e+03 -6.0316e-01 +2.5370e+00 -1.1482e+00 -2.3449e+00 -2.0489e+00 +1.5552e+00 -1.4004e+00 +2.2835e+00 -2.0611e+00 -9.6862e-01
9170 0 +1.443118888e+00 +1.001443119e+03 +1.001443119e+03 -5.6923e-01 +2.5029e+00 -1.1609e+00 -2.3486e+00 -2.0385e+00 +1.5424e+00 -1.4141e+00 +2.2812e+00 -2.0671e+00 -9.7661e-01
9215 0 +1.411108246e+00 +1.001411108e+03 +1.001411108e+03 -4.9973e-01 +2.4722e+00 -1.1994e+00 -2.3317e+00 -2.0421e+00 +1.5336e+00 -1.4143e+00 +2.2859e+00 -2.0706e+00 -9.7768e-01
9448 0 +1.380064256e+00 +1.001380064e+03 +1.001380064e+03 -4.5016e-01 +2.4549e+00 -1.2153e+00 -2.3272e+00 -2.0692e+00 +1.5448e+00 -1.4191e+00 +2.2806e+00 -2.0685e+00 -9.7100e-01
9815 0 +1.348760235e+00 +1.001348760e+03 +1.001348760e+03 -4.0504e-01 +2.4650e+00 -1.2134e+00 -2.3316e+00 -2.0668e+00 +1.5502e+00 -1.4152e+00 +2.2657e+00 -2.0659e+00 -9.6152e-01
22822 0 +1.306021915e+00 +1.001306022e+03 +1.001306022e+03 -1.1844e+00 -8.2797e-01 -2.8560e+00 +5.4013e-01 -5.3686e-01 +2.3881e+00 -1.5297e+00 +2.2383e+00 -2.0511e+00 -2.0681e+00
22904 0 +1.272328475e+00 +1.001272328e+03 +1.001272328e+03 -1.1928e+00 -8.0668e-01 -2.8663e+00 +5.6267e-01 -5.6167e-01 +2.3894e+00 -1.5554e+00 +2.2469e+00 -2.0444e+00 -2.0777e+00
23858 0 +1.232807135e+00 +1.001232807e+03 +1.001232807e+03 -1.1384e+00 -7.9564e-01 -2.8133e+00 +4.9929e-01 -6.2363e-01 +2.3841e+00 -1.5608e+00 +2.2038e+00 -2.0584e+00 -2.0688e+00
23935 0 +1.153969970e+00 +1.001153970e+03 +1.001153970e+03 -1.1567e+00 -8.0163e-01 -2.8127e+00 +5.0598e-01 -6.2965e-01 +2.3910e+00 -1.5669e+00 +2.2335e+00 -2.0688e+00 -2.0742e+00
25432 0 +1.122009432e+00 +1.001122009e+03 +1.001122009e+03 -1.1558e+00 -8.8364e-01 -2.7840e+00 +5.0355e-01 -6.1798e-01 +2.3919e+00 -1.5446e+00 +2.2183e+00 -2.0530e+00 -2.1102e+00
25433 0 +1.004933929e+00 +1.001004934e+03 +1.001004934e+03 -1.1432e+00 -8.8551e-01 -2.7838e+00 +5.0999e-01 -5.9120e-01 +2.4225e+00 -1.5313e+00 +2.2466e+00 -2.0792e+00 -2.0960e+00
25447 0 +9.933873491e-01 +1.000993387e+03 +1.000993387e+03 -1.0587e+00 -9.1624e-01 -2.8027e+00 +5.0309e-01 -6.0809e-01 +2.4960e+00 -1.5112e+00 +2.2796e+00 -2.0996e+00 -2.0965e+00
25452 0 +9.512544888e-01 +1.000951254e+03 +1.000951254e+03 -1.1108e+00 -8.7833e-01 -2.7968e+00 +5.0038e-01 -6.2797e-01 +2.4750e+00 -1.5432e+00 +2.2255e+00 -2.0629e+00 -2.1110e+00
25457 0 +8.632108252e-01 +1.000863211e+03 +1.000863211e+03 -1.0614e+00 -8.8485e-01 -2.8166e+00 +5.2824e-01 -6.0883e-01 +2.4693e+00 -1.5269e+00 +2.2592e+00 -2.0664e+00 -2.1011e+00
25483 0 +8.497376558e-01 +1.000849738e+03 +1.000849738e+03 -1.0234e+00 -8.8284e-01 -2.8665e+00 +5.3607e-01 -5.9053e-01 +2.4780e+00 -1.5122e+00 +2.2610e+00 -2.0746e+00 -2.0961e+00
25502 0 +8.245697988e-01 +1.000824570e+03 +1.000824570e+03 -1.0362e+00 -8.6415e-01 -2.8515e+00 +5.2965e-01 -6.0242e-01 +2.4798e+00 -1.5174e+00 +2.2637e+00 -2.0575e+00 -2.1103e+00
25535 0 +8.099194039e-01 +1.000809919e+03 +1.000809919e+03 -1.0424e+00 -8.5522e-01 -2.8503e+00 +5.3289e-01 -6.0405e-01 +2.4725e+00 -1.5119e+00 +2.2504e+00 -2.0666e+00 -2.1099e+00
25631 0 +7.939536234e-01 +1.000793954e+03 +1.000793954e+03 -1.0292e+00 -8.2833e-01 -2.8331e+00 +5.4408e-01 -5.9832e-01 +2.4794e+00 -1.5026e+00 +2.2577e+00 -2.0644e+00 -2.1173e+00
40000 0 +7.895943426e-01 +1.000789594e+03 +1.000789594e+03 -1.0191e+00 -8.0681e-01 -2.8328e+00 +5.4169e-01 -5.9786e-01 +2.4816e+00 -1.5067e+00 +2.2544e+00 -2.0675e+00 -2.1142e+00
% f evaluations | g evaluations | best noise-free fitness - Fopt (2.083800000000e+02) + sum g_i+ | measured fitness | best measured fitness or single-digit g-values | x1 | x2...
1 0 +2.829246495e+04 +2.850084495e+04 +2.850084495e+04 +2.7396e+00 -6.1122e-01 +3.5860e+00 +1.9737e+00 -4.0582e+00 +4.7562e+00 +2.6114e+00 +2.8606e+00 -3.7189e+00 -4.9614e-01
7 0 +2.368500599e+04 +2.389338599e+04 +2.389338599e+04 +1.6840e+00 -2.8904e-01 +6.5236e-01 +2.6500e+00 +1.3472e+00 +5.3579e-01 +5.9207e-01 -1.9605e+00 -4.6918e+00 -6.3283e-01
12 0 +1.333764341e+04 +1.354602341e+04 +1.354602341e+04 -4.4224e-01 -2.9764e+00 -1.9404e+00 +7.9220e-01 -3.2323e+00 +3.5661e+00 +2.5852e+00 +2.1946e+00 -6.7907e-01 +1.2731e+00
36 0 +4.355701570e+03 +4.564081570e+03 +4.564081570e+03 +1.1617e+00 -3.2871e+00 +6.4951e-01 +7.2431e-01 -3.4015e-01 +2.2632e-01 +2.6392e+00 +2.9924e+00 -7.8468e-02 +9.9593e-01
151 0 +2.446051706e+03 +2.654431706e+03 +2.654431706e+03 +1.7185e+00 +4.6059e+00 -1.2909e+00 -7.4918e-01 +3.1212e+00 +5.7623e-02 +2.3657e+00 -4.0291e-01 -2.8450e+00 +2.4520e+00
458 0 +2.165410408e+03 +2.373790408e+03 +2.373790408e+03 +2.4172e+00 +2.4432e-01 +1.6968e+00 -1.8685e+00 +1.7019e+00 +7.8157e-01 +1.9960e+00 +2.9810e+00 -8.3581e-01 +7.0683e-01
697 0 +1.440261382e+03 +1.648641382e+03 +1.648641382e+03 -1.6345e+00 +2.4089e-01 -1.8967e+00 +2.0056e+00 +2.2901e+00 -3.1069e-01 +3.2454e+00 -3.0658e-01 -6.4497e-01 +1.1377e+00
765 0 +4.734950873e+02 +6.818750873e+02 +6.818750873e+02 -4.5749e-01 -1.2199e-01 -1.7050e+00 +1.0525e+00 +1.5917e+00 +6.6938e-01 +1.7763e-01 +2.0982e+00 -1.6487e+00 +1.0680e+00
1073 0 +3.467263313e+02 +5.551063313e+02 +5.551063313e+02 +2.0737e-01 -3.2025e-01 -9.0751e-01 +1.3219e+00 +1.6548e+00 +2.3556e-01 +6.0666e-03 +2.0272e+00 -1.7157e+00 +1.0326e+00
1249 0 +2.507117205e+02 +4.590917205e+02 +4.590917205e+02 +7.0413e-02 -4.7446e-01 -8.3646e-01 +1.5668e+00 +1.4502e+00 +2.7339e-01 +6.1111e-02 +2.1344e+00 -2.2260e+00 +7.5618e-01
1254 0 +1.162003833e+02 +3.245803833e+02 +3.245803833e+02 +2.4172e+00 -6.2821e-01 -3.4354e-01 +1.1006e+00 +1.7019e+00 +9.6671e-01 +1.3188e+00 +6.2968e-01 -1.2035e+00 +7.0683e-01
1425 0 +4.919057755e+00 +2.132990578e+02 +2.132990578e+02 +2.4290e+00 -4.0014e-01 -4.2228e-01 +1.1462e+00 +1.7169e+00 +6.8938e-01 +1.3401e+00 +9.1817e-01 -7.9748e-01 +1.0171e+00
1664 0 +3.767527026e+00 +2.121475270e+02 +2.121475270e+02 -2.3303e-01 -3.0052e-01 -3.7093e-01 +2.7958e+00 +1.2133e+00 +5.6107e-01 +2.4413e+00 +1.0174e+00 -9.4621e-01 +2.1107e+00
2360 0 +3.623480460e+00 +2.120034805e+02 +2.120034805e+02 +1.4107e+00 +8.8378e-01 +1.0154e+00 +2.3715e-01 +2.2923e+00 +9.6305e-01 +7.0413e-01 +2.0814e+00 -1.7453e+00 +1.8327e+00
2463 0 +3.165526903e+00 +2.115455269e+02 +2.115455269e+02 +1.4268e+00 +6.2637e-01 +1.1190e+00 +4.8026e-01 +1.9887e+00 +9.5797e-01 +6.7618e-01 +1.7440e+00 -1.5899e+00 +1.9388e+00
2486 0 +2.995747592e+00 +2.113757476e+02 +2.113757476e+02 -2.2229e+00 -7.2005e-01 +1.7784e+00 +1.4429e+00 +2.1041e+00 +8.0301e-01 +8.3183e-01 +2.4301e+00 -2.0997e+00 +1.3969e+00
2997 0 +2.270259360e+00 +2.106502594e+02 +2.106502594e+02 +1.5639e+00 +4.3502e-01 +6.7751e-01 +2.4371e+00 +1.9243e+00 +8.0956e-01 +7.7544e-01 +1.9676e+00 -1.7156e+00 +2.2100e+00
6532 0 +2.234363099e+00 +2.106143631e+02 +2.106143631e+02 +2.5000e+00 -7.9700e-01 -7.0023e-01 +2.7743e+00 +1.9130e+00 -1.0076e-01 +8.9205e-01 +2.3960e+00 -1.0522e+00 +2.3557e+00
6615 0 +2.187552876e+00 +2.105675529e+02 +2.105675529e+02 +2.5021e+00 -7.9781e-01 -6.9560e-01 +2.7564e+00 +1.8975e+00 -1.0010e-01 +9.1951e-01 +2.3906e+00 -1.0428e+00 +2.3635e+00
6668 0 +2.137820976e+00 +2.105178210e+02 +2.105178210e+02 +2.5050e+00 -7.7816e-01 -7.1475e-01 +2.7437e+00 +1.9293e+00 -9.6150e-02 +9.4971e-01 +2.3910e+00 -1.0534e+00 +2.3767e+00
6732 0 +2.088560529e+00 +2.104685605e+02 +2.104685605e+02 +2.5014e+00 -7.9180e-01 -6.9940e-01 +2.7788e+00 +1.9267e+00 -9.4975e-02 +9.7105e-01 +2.3738e+00 -1.0629e+00 +2.3592e+00
6997 0 +2.040232903e+00 +2.104202329e+02 +2.104202329e+02 +2.5018e+00 -7.9712e-01 -7.1506e-01 +2.7887e+00 +1.9276e+00 -9.2939e-02 +9.7367e-01 +2.3744e+00 -1.0790e+00 +2.3599e+00
7026 0 +1.992721219e+00 +2.103727212e+02 +2.103727212e+02 +2.5009e+00 -7.9617e-01 -7.3379e-01 +2.8036e+00 +1.9142e+00 -9.3690e-02 +9.6055e-01 +2.3767e+00 -1.0785e+00 +2.3642e+00
10783 0 +1.942941970e+00 +2.103229420e+02 +2.103229420e+02 +2.5038e+00 -7.9851e-01 -2.0585e-01 +1.9490e+00 +1.4988e+00 +4.4020e-01 +8.7312e-01 +2.4089e+00 -7.4850e-01 +2.4565e+00
10821 0 +1.904141070e+00 +2.102841411e+02 +2.102841411e+02 +2.5044e+00 -7.9928e-01 -1.4186e-01 +1.8923e+00 +1.5125e+00 +4.7735e-01 +8.5237e-01 +2.4248e+00 -7.4400e-01 +2.4528e+00
10883 0 +1.859692884e+00 +2.102396929e+02 +2.102396929e+02 +2.5070e+00 -7.9885e-01 -1.0428e-01 +1.9207e+00 +1.5043e+00 +5.0025e-01 +8.4033e-01 +2.4204e+00 -7.3268e-01 +2.4536e+00
11208 0 +1.817954141e+00 +2.101979541e+02 +2.101979541e+02 +2.5027e+00 -7.9601e-01 -1.0936e-01 +1.9263e+00 +1.4881e+00 +4.9200e-01 +8.2179e-01 +2.4274e+00 -7.2450e-01 +2.4498e+00
18401 0 +1.552791882e+00 +2.099327919e+02 +2.099327919e+02 +1.5011e+00 +7.3916e-01 +2.2941e+00 +2.1519e+00 +2.1332e+00 +2.0852e+00 +2.1723e+00 +1.5906e+00 -1.8253e+00 +1.0168e+00
18601 0 +1.532115067e+00 +2.099121151e+02 +2.099121151e+02 +1.5216e+00 +7.3064e-01 +2.3287e+00 +2.1390e+00 +2.1454e+00 +2.0373e+00 +2.1452e+00 +1.6238e+00 -1.7869e+00 +1.0801e+00
18802 0 +1.458055851e+00 +2.098380559e+02 +2.098380559e+02 +1.5011e+00 +7.3916e-01 +2.2941e+00 +2.1519e+00 +2.1332e+00 +2.0852e+00 +2.1723e+00 +1.5906e+00 -1.8253e+00 +2.2006e+00
19391 0 +1.248690316e+00 +2.096286903e+02 +2.096286903e+02 +1.5011e+00 +1.4359e+00 +2.2941e+00 +2.1519e+00 +2.1332e+00 +2.0852e+00 +2.1723e+00 +1.5906e+00 -1.8253e+00 +2.2006e+00
21375 0 +1.172311460e+00 +2.095523115e+02 +2.095523115e+02 +1.4462e+00 +1.5453e+00 +2.2410e+00 +2.1159e+00 +2.0441e+00 +2.0945e+00 +2.0899e+00 +1.6387e+00 -1.8353e+00 +2.1387e+00
21380 0 +1.119861649e+00 +2.094998616e+02 +2.094998616e+02 +1.4590e+00 +1.4759e+00 +2.1632e+00 +2.0769e+00 +2.1573e+00 +2.1055e+00 +2.0726e+00 +1.6544e+00 -1.8459e+00 +2.1462e+00
21384 0 +1.012248513e+00 +2.093922485e+02 +2.093922485e+02 +1.4685e+00 +1.4898e+00 +2.2360e+00 +2.0771e+00 +2.1123e+00 +2.1239e+00 +2.0749e+00 +1.6583e+00 -1.8590e+00 +2.1726e+00
21411 0 +9.920900588e-01 +2.093720901e+02 +2.093720901e+02 +1.4585e+00 +1.4949e+00 +2.2705e+00 +2.0610e+00 +2.0956e+00 +2.1005e+00 +2.1319e+00 +1.6542e+00 -1.8050e+00 +2.1775e+00
21412 0 +9.445658396e-01 +2.093245658e+02 +2.093245658e+02 +1.4809e+00 +1.4262e+00 +2.2554e+00 +2.0613e+00 +2.1055e+00 +2.1005e+00 +2.0880e+00 +1.6684e+00 -1.8445e+00 +2.1663e+00
21444 0 +9.294428580e-01 +2.093094429e+02 +2.093094429e+02 +1.4777e+00 +1.4462e+00 +2.2630e+00 +2.0549e+00 +2.1241e+00 +2.1158e+00 +2.0897e+00 +1.6604e+00 -1.8326e+00 +2.1788e+00
21568 0 +9.119319266e-01 +2.092919319e+02 +2.092919319e+02 +1.4904e+00 +1.4294e+00 +2.2705e+00 +2.0677e+00 +2.1146e+00 +2.0995e+00 +2.1057e+00 +1.6589e+00 -1.8265e+00 +2.1744e+00
40000 0 +9.080655787e-01 +2.092880656e+02 +2.092880656e+02 +1.5126e+00 +1.4455e+00 +2.2697e+00 +2.0636e+00 +2.1151e+00 +2.1023e+00 +2.1055e+00 +1.6612e+00 -1.8255e+00 +2.1747e+00
% f evaluations | g evaluations | best noise-free fitness - Fopt (-1.449600000000e+02) + sum g_i+ | measured fitness | best measured fitness or single-digit g-values | x1 | x2...
1 0 +3.945689752e+04 +3.931193752e+04 +3.931193752e+04 +2.7396e+00 -6.1122e-01 +3.5860e+00 +1.9737e+00 -4.0582e+00 +4.7562e+00 +2.6114e+00 +2.8606e+00 -3.7189e+00 -4.9614e-01
4 0 +2.276606693e+04 +2.262110693e+04 +2.262110693e+04 +2.4476e+00 +4.6751e+00 -1.7417e+00 -1.2954e+00 -3.0444e-01 -3.1053e+00 -3.7008e+00 -2.4295e-01 -2.7309e+00 +1.6981e+00
8 0 +1.567136501e+04 +1.552640501e+04 +1.552640501e+04 -2.8542e+00 -9.1471e-01 +3.5340e+00 -2.6606e+00 -4.4170e+00 -2.1862e+00 -2.0641e+00 +1.6192e+00 +5.7032e-01 +2.8390e+00
12 0 +1.230982843e+04 +1.216486843e+04 +1.216486843e+04 -4.4224e-01 -2.9764e+00 -1.9404e+00 +7.9220e-01 -3.2323e+00 +3.5661e+00 +2.5852e+00 +2.1946e+00 -6.7907e-01 +1.2731e+00
50 0 +8.815958303e+03 +8.670998303e+03 +8.670998303e+03 +2.0200e+00 +1.4795e+00 +1.5243e+00 -1.8379e+00 +2.8743e+00 +4.9144e-01 -6.8582e-01 +1.2601e+00 -1.3934e+00 +1.2739e-01
185 0 +7.337867967e+03 +7.192907967e+03 +7.192907967e+03 -1.6768e-01 -3.5287e+00 +6.4951e-01 +7.2431e-01 -3.4015e-01 +2.2632e-01 +6.8756e-01 +3.7918e+00 -1.3843e+00 -4.2301e-02
188 0 +6.414419670e+03 +6.269459670e+03 +6.269459670e+03 -2.2123e-01 -8.3111e-01 -2.0043e+00 -1.3249e+00 -1.3361e+00 -1.9677e+00 -1.2054e+00 +2.6644e+00 -2.7540e+00 +2.2888e+00
205 0 +5.926393261e+03 +5.781433261e+03 +5.781433261e+03 -1.4133e+00 -9.1331e-01 +1.0893e+00 +1.3315e+00 +1.7534e+00 +2.2884e+00 -1.0851e+00 +2.6832e+00 -4.8953e-01 +6.7934e-01
360 0 +5.678583176e+03 +5.533623176e+03 +5.533623176e+03 -1.3839e+00 -6.0644e-01 +1.3494e+00 +1.2802e+00 +1.6605e+00 +1.7294e+00 -1.4246e+00 +2.7855e+00 -5.3386e-01 +7.0343e-01
362 0 +4.344907271e+03 +4.199947271e+03 +4.199947271e+03 -2.9423e+00 +2.5960e-01 -2.0043e+00 -1.3249e+00 -1.3361e+00 -1.3817e+00 -1.2054e+00 +8.8795e-01 -3.2555e+00 +2.2888e+00
395 0 +3.946824406e+03 +3.801864406e+03 +3.801864406e+03 -2.6050e+00 -4.7955e+00 +6.2813e-02 -1.7111e+00 -2.2886e+00 +1.2963e+00 -3.0767e+00 +2.1666e+00 -1.3465e+00 +2.5809e+00
400 0 +3.851666846e+03 +3.706706846e+03 +3.706706846e+03 +9.1012e-01 +1.3460e+00 +1.2912e+00 -7.4129e-01 -2.0523e+00 -1.2908e+00 -6.3441e-02 +3.0825e+00 -1.4976e+00 +3.3711e-01
545 0 +2.783651890e+03 +2.638691890e+03 +2.638691890e+03 +1.7461e+00 -3.3683e+00 -2.7662e-01 +4.8812e-01 +1.0421e+00 +3.5661e+00 +1.0559e+00 +2.1946e+00 -2.5589e+00 +3.5700e-01
718 0 +2.725059452e+03 +2.580099452e+03 +2.580099452e+03 +1.4236e+00 -3.4308e+00 -9.4970e-02 +5.0249e-01 +1.3636e+00 +3.2209e+00 +6.8563e-01 +2.3632e+00 -2.3692e+00 +3.1466e-01
899 0 +5.279996919e+02 +3.830396919e+02 +3.830396919e+02 -3.2050e+00 +2.5699e-01 -2.0776e+00 +1.0876e+00 +4.3579e-02 -5.6418e-02 -2.0320e+00 +3.4365e-01 -1.8833e+00 +4.9202e-01
1476 0 +3.373117202e+02 +1.923517202e+02 +1.923517202e+02 +2.4445e+00 -1.2443e+00 +1.5243e+00 +6.9614e-01 -2.8795e-01 +4.9144e-01 -2.3265e+00 +1.5474e+00 -1.2789e+00 +2.4081e+00
1600 0 +5.376732585e+01 -9.119267415e+01 -9.119267415e+01 +2.5655e+00 -1.0545e+00 +1.3928e+00 +3.2826e-01 -6.2428e-01 +5.3958e-01 -2.0429e+00 +1.3079e+00 -1.3291e+00 +2.3439e+00
% f evaluations | g evaluations | best noise-free fitness - Fopt (-6.300000000000e+00) + sum g_i+ | measured fitness | best measured fitness or single-digit g-values | x1 | x2...
1 0 +1.684003844e+05 +1.683940844e+05 +1.683940844e+05 +2.7396e+00 -6.1122e-01 +3.5860e+00 +1.9737e+00 -4.0582e+00 +4.7562e+00 +2.6114e+00 +2.8606e+00 -3.7189e+00 -4.9614e-01
2 0 +2.168853441e+04 +2.168223441e+04 +2.168223441e+04 -1.2920e+00 +4.2676e+00 +1.4387e+00 +3.2276e+00 -5.6586e-01 -2.7276e+00 +5.4585e-01 -4.3618e+00 +3.2763e+00 +1.3166e+00
49 0 +4.991300808e+03 +4.985000808e+03 +4.985000808e+03 -9.1217e-01 -2.8237e+00 +8.8306e-01 -1.8296e+00 -4.6394e+00 -8.1600e-01 -2.5867e-01 -2.7441e+00 +7.2458e-01 +6.5772e-01
385 0 +1.181536005e+03 +1.175236005e+03 +1.175236005e+03 -2.0991e+00 -4.3987e-01 -1.0829e+00 +8.8147e-01 +1.3454e+00 -9.3797e-01 +8.8389e-01 -1.0151e+00 +2.5196e+00 +4.0857e-01
539 0 +4.785077401e+02 +4.722077401e+02 +4.722077401e+02 -2.1749e+00 -2.4774e-02 -1.2612e+00 +1.2264e+00 +1.0873e+00 -9.1993e-01 +1.1772e+00 -7.3459e-01 +2.4154e+00 +5.4618e-01
1429 0 +1.144591481e+02 +1.081591481e+02 +1.081591481e+02 -2.0463e+00 -3.9414e+00 +1.4932e+00 +3.1467e-01 -2.3884e+00 -2.0838e+00 +1.3384e+00 -2.1773e+00 +3.9211e-01 +2.0191e+00
1463 0 +8.399654920e+00 +2.099654920e+00 +2.099654920e+00 +2.3508e+00 -3.8712e-01 -1.4577e+00 +2.6049e+00 -2.0022e+00 -3.3995e-02 +1.5039e+00 -1.2689e+00 +9.3123e-01 +1.5837e+00
1960 0 +4.282588710e+00 -2.017411290e+00 -2.017411290e+00 -1.3166e+00 +1.3034e-01 +2.7051e-02 +1.7368e+00 +3.7666e-01 -9.5771e-01 +3.2346e-01 -1.6785e+00 +2.3244e+00 +6.4263e-01
